2563	12	3	7.9
547	107	3	6.41
123	574	11	80.16
12	964	7	14.14
106	675	4	12.13
1760	12	3	4.96
101	289	6	4.81
12	2231	6	22.9
104	636	3	6.69
569	103	14	62.35
8	855	3	10.86
940	14	7	12.57
1075	522	3	32.14
2498	1858	3	46.74
113	1252	3	15.34
161	8	8	14.67
1893	14	3	4.75
971	14	5	5.97
3081	14	4	13.7
559	101	4	4.44
221	227	6	39.45
103	919	4	11.22
217	104	25	99.82
820	102	3	3.93
339	874	3	28.29
102	257	7	5.28
108	5159	3	23.3
1524	12	3	4.19
460	164	26	285.87
122	126	15	43.43
102	406	5	5.42
165	239	7	43.35
102	457	8	16.23
9	178	5	7.26
582	9	3	9.22
435	103	4	5.96
1119	105	3	10.11
701	629	5	56.41
183	14	21	11.43
1493	12	3	4.19
194	109	5	7.54
140	221	3	10.38
101	4329	5	36.17
120	248	3	7.41
198	475	3	20.08
113	736	3	11.95
107	822	3	8.72
255	139	3	11.52
146	106	8	7.75
58	101	3	6.3
133	6413	3	37.36
869	794	4	46.77
113	2412	3	20.35
181	121	3	5.56
1302	101	3	6.3
1329	529	3	33.44
1609	14	3	3.93
103	161	35	108.5
103	242	35	151.62
133	1374	6	52.74
127	2216	3	23.59
1038	12	8	19.76
3349	756	3	43.47
4719	12	4	23.97
153	102	12	5.53
142	304	4	20.51
379	493	3	25.59
1418	3783	5	94.51
322	117	3	8.64
109	390	5	15.76
102	833	5	11.02
101	2015	4	14.9
111	355	4	12.16
716	125	3	15.1
2996	101	3	12.36
407	105	7	21.75
386	14	8	4.81
557	119	10	64.25
114	127	39	159.2
791	5682	3	52.19
172	147	17	112.43
129	237	6	26.22
110	1564	9	72.98
12	482	7	6.27
2708	221	5	61.74
106	264	6	12.31
124	145	6	14.76
101	633	4	5.21
2547	14	6	25.61
104	184	25	87.43
552	306	6	58.37
1246	163	6	57.88
2182	5351	4	79.83
109	478	5	17.56
8	1334	3	13.92
389	431	7	70.83
103	2865	3	15.18
110	297	9	36.25
1142	107	3	10.62
955	12	4	4.14
121	124	6	7
2021	198	3	29.7
2295	12	4	12.11
102	1004	3	4.87
2357	146	5	53.34
109	174	17	57.84
114	1130	4	22.53
398	584	3	26.9
125	121	39	183.29
950	1742	3	39.31
885	112	3	13.01
196	3571	5	65.41
900	326	5	52.77
101	2173	4	15.8
114	541	15	104.58
168	12	21	12.32
12	228	17	14.72
102	1840	5	20.48
107	673	6	23.13
118	286	3	7.93
114	872	7	43.66
141	1113	11	112.26
1428	127	3	20.4
507	12	6	4.43
633	102	8	20.73
233	994	3	25.84
101	531	5	6.95
102	1117	6	19.36
12	694	5	4.33
1231	14	4	5.12
1450	1119	4	54.85
1314	108	3	11.85
191	116	4	8.2
661	9	5	21.47
137	105	18	29.62
2081	14	4	10.16
165	210	9	57.45
1637	224	14	204.02
102	359	7	9.81
101	1350	3	6.62
103	661	3	5.06
114	1641	5	35.36
623	12	17	51.78
1604	102	3	7.88
3836	2186	4	74.83
1713	107	7	46.3
740	12	5	4.76
246	109	4	6.61
360	102	6	6.95
1488	12	4	7.7
373	12	9	8
2485	107	3	16.14
382	106	3	4.8
102	159	50	148.56
107	1323	4	17.85
964	233	3	25.58
158	346	36	402.39
245	380	4	29.68
1992	14	3	5.23
102	1508	4	12.31
659	6799	3	51.04
117	132	11	25.03
1438	102	7	29.52
679	715	5	57.29
1088	387	3	30.36
108	2759	5	35.78
250	114	3	5.78
1284	14	6	12.87
1709	112	3	17.66
2156	14	4	10.16
267	254	8	65.51
103	710	3	5.35
269	776	3	25.71
3036	14	3	8.09
108	395	9	34.27
109	752	5	21.87
852	12	5	6.04
180	534	3	19.85
434	1700	5	63.75
1010	1946	4	57.62
130	115	28	105.4
2658	12	3	7.9
113	156	13	42.42
1118	14	4	4.46
206	1680	3	28.89
136	216	3	9.5
331	104	7	18.67
927	410	8	97.48
318	244	3	19.15
671	12	5	4.13
277	1380	4	42.5
102	4942	3	17.4
2661	5638	3	61.11
263	156	4	20.81
5371	110	3	25.89
180	196	7	41.48
576	102	6	11.41
109	930	4	17.37
102	188	26	57.32
988	116	12	98.58
127	204	6	23.07
102	114	99	158.19
1172	105	3	10.4
1071	14	8	18.63
2894	14	6	28.75
733	108	3	8.26
604	268	4	34.81
108	650	11	57.39
115	128	9	14
1032	106	3	10.04
675	210	3	22.41
108	828	3	9
5821	12	3	17.97
938	314	3	28.18
1006	102	3	4.87
101	2113	6	30.16
170	604	6	49.04
103	1347	3	9.23
1110	6140	3	54.47
160	998	4	32.58
101	6769	3	21.7
102	2014	4	15.08
101	832	4	7.03
1039	102	3	5.09
1961	103	10	75.38
445	464	3	26.09
116	1706	3	18.94
725	256	3	24.55
108	1997	8	61.27
1301	103	3	8.89
150	128	5	12.96
468	119	8	44.85
129	384	5	26.34
109	1437	3	14.27
104	355	5	10.92
542	215	4	30.82
12	243	11	4.55
133	276	7	39.2
693	115	4	18.84
106	523	5	15.17
743	131	4	25.06
2	2325	3	18.21
347	109	3	6.04
1986	12	3	5.9
103	334	19	76.4
181	147	6	27.73
1337	12	4	6.75
577	115	3	11.45
102	989	10	40.96
110	2858	4	30.98
103	2939	3	15.18
132	355	4	19.31
126	975	4	25.19
283	106	6	13.4
108	1084	5	23.06
102	2217	3	10
181	299	8	59.91
230	487	4	30.95
1393	14	4	5.89
1087	137	3	20.2
103	186	29	90.29
110	517	11	61.82
241	148	7	40.37
1892	140	6	60.09
934	12	4	3.9
6080	1484	3	56.68
403	227	7	59.79
542	104	18	102.51
956	102	5	12.45
1014	482	3	31.45
248	209	6	39.91
2190	102	3	10
215	103	6	4.73
437	14	7	3.96
102	1654	5	18.63
943	161	3	22.34
12	157	17	4.16
1173	112	12	99.68
2283	9	4	27.75
2399	14	5	16.75
1667	14	3	4.31
334	101	12	26.17
380	464	4	36.06
106	222	11	28.38
110	3722	3	23.67
1121	102	9	37.49
198	102	20	36.46
185	12	76	239.61
115	111	14	14.43
125	570	3	13.82
108	604	4	11.94
237	218	4	23.27
126	807	3	15.93
1156	102	3	5.84
1012	5683	3	53.88
571	14	10	15.37
103	362	21	93.58
251	229	3	16.58
2659	803	8	140.7
138	121	12	37.85
110	2549	5	40.08
180	6368	3	41.67
126	105	81	303.93
1242	125	8	68.19
689	1979	3	38.33
1009	14	6	9.96
105	1123	3	10.11
112	131	6	5.54
367	110	11	54.12
109	2368	3	18.16
110	655	13	84.93
103	991	3	7.22
1059	1011	6	82.89
346	107	19	95.89
102	129	75	176.39
1951	456	6	82.97
145	131	10	40.16
496	12	9	11.92
104	762	3	7.63
1044	14	7	13.71
865	108	3	9.2
110	3208	3	22.09
190	114	7	19.65
105	357	28	163.64
891	14	8	15.24
1941	14	3	5.23
102	4100	3	15.22
689	4301	3	44.49
133	695	3	17.01
110	1669	5	33.41
103	1964	7	43.14
103	1896	9	60.45
3574	12	4	16.53
176	230	4	20.74
499	107	17	94.91
142	683	4	26.85
126	555	7	44.39
521	103	5	10.95
1703	101	3	8.2
101	931	3	4.36
297	14	15	16.96
425	1013	4	43.53
12	144	28	14.05
103	1390	5	20.82
747	426	9	108.64
458	12	7	5.66
102	3439	4	21.59
542	107	6	20.69
840	102	3	3.93
119	890	3	14.51
135	156	3	6.93
3655	12	3	9.96
752	117	3	13.34
102	2167	4	15.98
1254	196	4	37.09
105	3161	3	17.46
1247	14	5	8.39
110	464	11	59.24
1609	112	7	54.43
110	584	8	41.4
121	204	6	20.78
108	2461	4	24.78
571	9	3	9.08
4947	112	3	27.11
2316	14	3	6.43
2666	101	3	11.39
210	14	20	15.24
678	650	3	30.41
192	105	8	12.65
108	664	6	23.72
179	445	9	77.51
1550	102	3	7.47
113	1775	3	17.81
223	115	5	13.45
107	4400	3	22.99
1281	104	15	118.37
8	365	5	15.34
152	155	8	39.15
1160	14	5	7.91
107	1094	5	22.56
101	601	4	5.05
106	116	26	29.1
6347	106	3	27.44
2911	14	3	8.09
1927	132	3	23.96
148	1877	3	26.05
133	377	21	184.26
119	134	5	6.02
110	3205	3	22.09
104	652	4	11.25
884	101	3	4.17
102	1463	6	23.05
102	1539	3	7.47
506	109	10	50.35
123	1145	3	17.97
176	426	4	26.97
267	351	3	21.05
608	872	3	31.49
102	140	21	16.63
102	190	33	88.15
102	273	28	97.82
422	440	3	25.38
1610	14	3	3.93
180	433	3	18.6
6905	235	3	43.95
112	2826	3	21.07
102	2680	3	11.52
105	1515	3	12.19
2397	113	3	20.35
176	175	5	24.25
668	115	5	25.57
112	388	5	18.82
103	628	3	4.78
1821	109	7	52.69
102	593	7	15.63
102	442	10	23.77
151	110	11	26.29
260	138	3	11.2
101	349	5	4.08
1998	102	3	9.38
107	198	16	49.01
481	5174	3	44.63
149	189	3	10.74
2989	103	3	15.18
606	108	5	17.1
173	118	21	104.53
1409	6178	3	56.25
134	478	5	30.41
1068	103	6	23.97
5161	108	4	37.04
123	229	9	41.45
798	109	5	22.55
3268	12	4	16.53
105	212	8	14.26
149	124	6	15.67
272	111	3	5.93
131	147	12	53.01
3237	12	4	16.53
1046	523	3	31.85
102	2731	4	18.25
102	2835	3	11.52
186	110	10	28.15
111	703	4	17.24
332	128	5	24.16
2610	6118	3	61.11
1062	880	3	35.34
2528	14	3	6.43
377	116	3	9.46
433	105	13	58.06
2145	106	4	23.25
272	4900	3	41.03
240	326	3	19.34
127	219	4	12.74
12	1624	4	8.24
221	324	12	109.46
133	1719	3	23.35
148	213	3	11.28
1109	12	4	5.26
792	1465	5	67.48
131	399	3	13.51
116	374	3	9.37
166	1258	5	47.12
1144	12	8	22.25
3390	12	3	9.96
1366	104	3	11.36
1064	12	4	4.95
1767	104	3	13.07
4274	14	4	18.03
160	501	7	55.42
169	201	3	12.56
134	174	10	48.96
124	708	7	46.96
2802	14	3	7.19
1347	2563	3	45.27
1739	647	3	36.83
129	342	3	12.09
102	5418	3	17.4
101	2504	4	16.84
156	568	5	36.65
4234	128	4	42.88
106	330	3	3.99
529	102	4	4.31
358	110	5	16.28
133	595	4	23.96
107	942	3	9.58
574	111	3	10.11
1565	12	3	4.55
102	1961	7	36.76
646	102	5	8.8
116	2271	3	20.74
2852	12	3	8.82
339	572	3	25.67
836	408	3	29.03
102	630	7	16.31
127	649	3	15.13
108	713	6	24.43
1195	14	6	11.58
110	2853	3	20.86
1611	101	3	7.75
989	108	6	28.93
1964	14	3	5.23
4733	2907	3	57.64
102	2150	3	10
645	189	3	21.48
702	4124	3	44.67
103	142	16	18.21
103	192	7	5.68
104	3987	4	30.87
366	12	15	26.1
102	937	3	4.47
102	885	5	11.7
124	1298	6	46.9
101	1739	3	8.2
101	1081	3	5.21
476	107	4	9.85
188	115	5	11.68
533	101	5	6.95
104	555	12	57.38
3992	119	3	26.45
2656	224	8	116.17
757	106	3	8.13
101	2249	3	9.87
251	216	5	31.85
2556	12	3	7.9
459	298	3	23.49
203	2068	6	70.74
2702	12	3	7.9
109	543	3	8.22
722	101	5	9.36
307	14	10	5.85
109	440	3	7.2
185	130	3	7.21
469	134	3	14.99
1915	14	4	9.31
200	1091	3	25.29
228	782	3	24.02
527	208	3	20.95
642	427	12	149.69
890	231	3	25.04
150	144	7	29.29
219	130	4	13.49
4033	108	4	32.06
106	211	12	31.87
937	109	16	123.13
311	1322	3	30.3
233	221	18	162.66
101	698	4	5.94
6645	104	3	26.89
1979	646	3	37.99
151	635	3	18.93
129	467	3	13.81
104	431	10	38.9
12	2916	5	21.79
302	108	5	10.7
1115	14	5	7.47
189	14	41	71.28
1089	2213	5	76.94
108	1860	4	21.92
141	1763	4	35.26
116	601	3	12.05
102	2277	7	38.91
131	851	3	17.82
3248	1153	4	65.64
127	2166	3	23.59
102	4194	3	15.22
598	12	11	22.39
128	126	4	4.02
102	1005	4	8.56
658	1915	3	38.16
111	214	4	7.16
565	120	4	19.27
154	489	6	44.23
1003	102	9	34.58
102	499	8	17.44
191	121	8	30.64
1315	1666	3	40.93
918	112	7	43.67
151	1551	5	47.36
103	726	3	5.35
2327	106	9	82.34
160	121	6	16.57
630	14	8	10.24
1231	9	5	28.36
1012	106	3	10.04
105	195	6	6.91
108	1296	5	25.29
222	107	8	16.12
277	102	6	4.51
190	145	4	15.88
625	6080	3	50.71
104	804	6	24.3
1596	104	6	34.84
245	391	3	20.68
359	6713	3	47.48
101	139	28	32.05
221	1467	3	27.92
1629	125	5	40.51
1030	101	3	4.98
1479	14	4	6.81
1429	105	3	11.78
691	119	4	19.59
620	108	3	7.33
1811	14	3	4.75
107	1257	4	17.38
4344	14	3	10.69
439	155	3	17.34
246	102	7	4.41
114	1959	3	19.29
671	1454	5	65.5
235	12	11	4.13
317	158	3	15.63
1620	113	5	34.77
1035	291	5	53.04
2135	12	4	11.12
102	320	6	5.77
230	673	3	23.18
101	1387	3	6.62
102	262	7	5.57
4128	140	3	31.6
310	102	6	5.54
102	145	12	3.92
127	124	5	5.97
1158	103	3	8.27
3628	14	3	9.22
464	14	20	50.81
126	235	18	113.38
1031	373	3	29.88
104	2056	6	38.74
685	108	3	7.93
166	535	10	89.9
1395	342	3	31.36
208	103	7	6.63
813	105	4	12.93
174	137	3	7.89
5716	101	3	21.7
119	208	3	5.44
103	3419	4	25.24
430	14	9	8.18
940	9	3	11.99
718	108	5	18.48
296	140	40	408.36
117	180	3	4.32
547	104	3	5.91
1900	12	3	5.4
6771	12	3	17.97
107	505	3	6.07
101	124	22	4.26
124	666	5	29.28
139	892	3	19.44
1489	115	3	17.67
12	644	5	3.93
103	2032	4	18.62
1184	117	4	24.15
299	243	3	18.83
4034	163	3	34
222	151	5	24.68
1680	14	3	4.31
225	118	4	9.76
1970	112	9	84.45
582	14	12	23.17
103	754	7	24.64
783	113	3	12.32
123	1600	3	20.29
1061	102	4	9.22
12	1915	5	15.42
101	1238	3	6
681	2	4	15.01
250	145	9	56.77
109	336	19	106.74
532	12	8	9.61
361	107	9	31.88
2991	14	5	20.5
102	1022	4	8.88
2675	112	3	21.07
690	121	3	14.28
106	1326	3	11.53
215	116	8	28.69
118	193	3	4.9
1029	14	4	3.89
106	417	6	17.99
12	191	72	232.19
424	118	5	22.25
12	141	33	19.58
116	3386	3	24.61
120	239	3	7.12
105	624	6	21.44
1105	435	3	31.31
497	12	7	6.48
8	2	16	4.54
150	170	7	34.27
108	2016	4	22.76
198	115	21	110.29
767	1347	3	36.15
261	105	4	4.67
106	165	14	32.06
121	337	6	28.77
103	422	9	26.35
469	234	3	21.32
311	2702	7	102.87
5421	12	3	13.58
622	110	4	15.36
4112	14	3	10.69
698	1214	6	79.69
179	522	3	19.71
143	144	3	6.86
126	612	5	29.15
128	395	4	19.03
103	479	6	14.22
138	115	61	356.8
107	958	5	21.18
152	156	3	9.02
825	102	5	11.02
368	2375	3	36.22
557	107	3	6.54
117	675	3	12.64
114	217	4	8.34
704	103	8	29.4
114	144	35	172.91
198	108	6	8.45
119	787	4	20.59
6537	108	3	27.78
110	3716	5	50.63
114	394	9	46.79
2461	460	3	37.42
375	157	3	16.7
1311	125	7	58.23
120	116	8	7.98
104	519	6	19.33
683	106	6	23.42
814	107	8	38.94
107	788	14	85.95
102	1660	4	12.9
107	637	3	7.2
12	143	205	946.95
238	115	13	61.55
168	202	4	19.01
6626	2041	3	58.81
102	1036	4	8.88
102	953	3	4.67
1659	12	4	8.24
220	156	6	32.65
103	227	21	64.73
347	314	3	22.15
128	143	7	20.28
562	12	10	17.1
110	583	9	48.9
153	285	8	54.61
195	14	29	34.01
417	103	7	17.1
1081	105	7	35.66
109	256	4	7.25
1234	9	4	20.7
103	681	4	8.97
1350	657	6	80.56
104	3645	4	28.26
2853	14	5	20.5
717	256	6	58.15
165	222	4	19.37
148	2792	3	28.95
1031	102	3	5.09
126	489	5	27
131	102	45	70.66
4749	12	3	13.58
101	4883	3	17.26
370	108	4	8.52
1564	14	4	7.34
517	14	8	8.05
102	1284	3	6.42
107	134	8	4.56
2159	112	8	74.32
530	105	4	9.83
400	14	11	12.5
134	338	3	13.08
692	119	28	275.56
107	535	4	10.65
6506	112	3	31.6
119	198	3	5.15
110	3206	3	22.09
390	1045	3	30.18
110	2555	6	51.79
950	117	3	14.85
113	1115	4	22.06
4526	2958	3	57.64
103	934	14	79.4
822	4339	3	45.68
217	118	4	9.48
2731	105	4	24.9
977	219	3	24.93
102	139	32	44.53
392	494	4	36.85
1781	14	4	8.58
398	641	4	39
5893	106	3	27.44
384	1879	3	34.38
154	235	4	19.11
121	615	5	27.95
102	225	32	96.43
911	399	12	158.96
102	124	47	52.85
151	1271	4	34.09
148	314	3	14.52
12	1693	3	4.96
648	115	4	18.39
3432	113	3	23.46
102	1447	4	11.77
101	320	7	8.1
744	221	3	23.47
123	363	3	11.11
114	812	4	19.5
8	1038	3	12.04
1064	101	3	5.21
841	105	7	31.28
155	151	8	39.01
3401	103	3	16.39
105	265	12	38.57
798	108	10	54.84
105	148	22	56.01
1644	14	6	16.19
130	121	9	20.15
349	125	38	359.04
4673	106	3	22.96
113	263	5	14.66
819	8	3	10.65
767	1942	3	39.1
222	118	3	5.73
102	1194	4	9.96
101	472	5	6.11
106	960	3	9.55
151	158	12	69.62
103	2127	3	12.62
102	374	14	38.27
250	225	4	24.03
111	702	5	23.85
108	2761	3	17.29
102	545	12	37.53
2008	1023	3	41
108	512	5	15.48
2262	106	3	15.37
306	139	10	68.6
114	1828	3	18.7
116	174	3	3.93
110	2284	4	28.2
409	407	4	35.69
710	268	3	25.13
3608	685	4	60.78
311	119	4	13.55
1180	14	4	4.78
1258	364	4	44.57
2083	14	3	5.79
505	106	3	6.04
216	116	4	9.19
147	105	7	4.78
2487	3809	3	53.51
970	289	5	51.98
110	2852	5	42.28
504	12	8	9.05
108	1086	9	53.86
6045	6166	3	71.7
8	202	4	5.2
1486	110	3	15.51
375	110	3	7.18
156	109	8	13.86
108	1734	6	37.76
103	1466	9	52.14
467	2633	5	71.29
2678	112	3	21.07
424	151	4	24.74
107	621	13	70
118	169	6	14.95
1011	585	5	60.17
108	3534	3	19.52
3202	14	3	8.09
106	132	49	166.33
2121	2295	9	188.81
159	215	3	12.35
102	2004	3	9.38
102	1900	3	8.82
181	1223	5	47.64
671	749	3	31.14
2045	113	3	18.94
8	381	4	10.84
113	1021	3	14.14
114	170	24	117.58
101	2445	3	10.57
114	302	6	22.77
180	640	3	20.91
126	718	6	39.08
109	410	4	11.31
351	12	9	7.2
201	181	6	34.43
115	341	4	13.58
5957	6133	3	71.7
224	109	4	5.78
680	112	11	72.63
12	1182	4	5.59
109	2716	3	19.01
103	596	3	4.53
112	625	4	16.91
7	7	3	11.55
8	156	5	5.07
431	12	31	114.52
1414	12	3	3.87
1602	112	3	17.16
567	101	5	7.52
106	508	3	6.15
105	2421	4	23.65
188	108	9	17.93
101	900	3	4.36
255	114	8	30.63
101	952	3	4.55
315	382	3	22.81
141	3622	4	43.65
181	1471	3	26.25
101	1035	3	4.98
103	261	9	16.84
726	103	3	5.35
216	312	3	18.07
124	1268	4	27.49
102	855	3	4.1
240	891	3	25.31
370	5426	3	43.18
109	230	6	13.35
114	1136	4	22.53
176	4285	3	34.8
1385	2003	3	42.96
102	2397	3	10.7
166	942	5	43.38
133	1162	6	50.39
320	108	5	11.18
121	114	17	36.09
193	169	4	18.35
139	116	7	12.98
193	105	15	40.42
3370	14	3	9.22
808	101	6	14.69
152	231	9	56.87
3978	1030	5	90.3
348	145	3	15.06
116	1775	3	18.94
340	170	3	16.72
103	1673	3	10.9
214	117	6	18.36
912	101	4	7.81
1617	14	7	21.51
277	103	7	11.67
1331	103	13	85.57
243	496	3	21.91
136	128	4	6.3
2	9	21	13.9
114	629	3	11.45
1235	106	4	17.34
374	130	5	26.15
104	805	4	12.88
119	310	3	8.54
108	277	4	6.37
2077	106	3	14.71
246	103	7	8.85
2216	103	4	19.55
142	1087	4	30.82
235	101	9	7.86
866	103	6	20.86
102	172	94	442.99
1207	12	4	5.95
2330	12	4	12.11
489	241	4	31.37
107	1258	3	11.56
1322	311	4	43
133	1845	3	23.9
578	214	3	21.7
287	488	3	23.63
110	623	13	83.22
196	579	3	21.05
111	772	3	11.75
101	1285	3	6.3
102	349	8	12.58
377	109	4	10.67
1433	14	4	6.33
131	137	4	7.36
349	171	3	16.9
120	717	3	13.98
110	5528	3	30.37
149	247	3	12.66
107	311	19	90.41
1135	2023	6	94.79
916	102	3	4.47
335	111	15	84.26
1220	107	3	11.23
1158	5997	3	54.79
959	466	3	30.67
123	110	150	918.44
151	200	4	17.26
149	320	3	14.96
3451	113	5	47.53
1885	12	3	5.4
2065	107	3	14.75
113	175	4	5.96
105	223	5	5.67
974	102	3	4.67
1265	12	4	6.33
4389	739	5	86.31
1799	14	4	8.58
1493	8	4	22.18
102	1164	10	45.63
102	1283	6	21.41
107	326	4	7.23
107	252	12	37.68
102	575	5	7.91
101	1193	3	5.72
102	515	7	13.81
1558	113	4	25.05
108	542	3	6.68
102	2758	3	11.52
306	12	9	5.51
282	432	3	22.76
317	110	8	31.17
103	2274	6	35.89
109	962	4	17.69
213	360	6	46.61
103	2138	3	12.62
141	207	12	73.58
161	12	29	26.4
888	4867	3	48.36
112	148	25	106.36
12	1795	3	5.4
578	105	19	114.56
102	321	8	11.24
949	101	4	8.1
102	219	18	32.98
2434	14	3	6.43
597	14	9	12.54
1294	103	3	8.89
250	515	3	22.27
12	898	6	9.5
1053	106	13	89.39
568	14	7	6.36
208	102	15	21.43
374	113	9	44.48
1516	386	8	107.65
492	435	3	26.24
136	111	26	92.16
105	475	4	9.21
1116	12	4	5.26
303	107	35	215.89
101	682	8	21.72
204	1065	3	25.38
133	347	9	59.88
106	239	6	10.2
156	533	6	45.45
747	101	4	6.35
552	146	5	34.89
105	938	5	20.31
150	245	3	12.61
114	340	3	8.14
12	4747	3	13.58
129	169	8	32.13
119	762	4	20.33
103	6106	3	24.61
115	14	76	22.61
115	171	5	10.15
12	4027	3	11.45
2999	1218	3	45.56
113	1749	3	17.81
132	135	7	19.6
5831	14	3	17.18
167	116	9	28.54
121	129	9	19.92
103	423	4	5.84
181	115	6	14.96
241	131	5	21.02
938	435	5	56.06
108	992	3	10.11
114	1286	3	16.03
2196	14	3	5.79
153	108	12	22.47
108	949	3	9.87
142	306	3	13.67
109	279	27	161.56
247	169	3	13.95
120	108	18	17.06
2835	101	3	11.39
265	14	11	5.31
486	103	11	39.82
120	165	3	4.55
360	1731	3	33.44
8	240	6	13.98
135	279	3	11.96
102	1739	3	8.33
118	343	4	14.34
3999	104	3	20.2
116	156	10	31.19
429	454	5	48.38
306	160	10	76.67
114	1657	3	17.67
321	105	5	9.96
535	326	3	24.97
260	210	3	16.33
232	116	4	10.07
204	8	4	5.25
281	204	3	17.12
107	267	29	154.09
114	2171	3	19.96
119	401	3	10.08
606	6434	3	50.54
104	958	5	20.25
1777	12	3	5.4
670	628	4	42.62
995	401	13	178.25
1516	198	4	39.41
136	547	9	68.39
258	430	18	203.09
113	441	3	9.2
119	214	9	34.95
569	102	4	4.73
155	120	7	19.59
105	538	3	5.95
1074	14	4	4.16
2061	14	3	5.23
475	179	4	27.96
117	116	9	8.28
101	114	53	33.26
2265	14	3	5.79
232	1246	3	27.34
110	641	11	66.74
2258	191	3	30.08
1764	107	4	20.77
8	1623	7	49.7
121	190	3	6.04
102	832	3	3.93
2869	16	4	45.11
316	4795	4	62.17
102	714	4	6.09
102	662	4	5.71
121	273	3	8.99
3866	221	3	36.62
2709	104	4	24.85
103	563	9	31.3
16	253	5	28.66
490	423	4	37.11
103	360	5	7.89
133	1256	4	30.33
889	101	4	7.54
604	105	3	6.59
109	443	3	7.2
132	134	15	63.76
2858	14	3	8.09
1560	14	5	10.72
114	128	19	51.72
293	235	5	36.16
368	912	20	296.03
119	822	6	36.96
1690	280	3	31.78
679	1302	3	35.01
261	107	4	5.21
2111	12	3	6.48
858	102	5	11.35
130	2436	3	24.95
103	1584	6	30.37
238	102	19	41.02
3446	108	4	29.44
105	622	3	6.73
131	2073	9	100.07
497	8	3	7.89
113	794	3	12.52
109	1404	3	14.27
179	326	10	81.72
867	106	3	8.89
372	14	21	45.75
3926	907	5	88.93
104	1295	5	23.84
258	1956	5	59.63
379	562	6	61.64
1852	14	4	8.58
2992	103	5	32.71
111	164	4	4.71
121	593	4	20.3
109	3087	3	20.02
12	1603	3	4.55
269	102	9	11.32
103	162	47	174.69
138	351	3	13.5
871	1370	8	118.49
283	117	4	12.61
109	175	30	137.98
101	3454	3	13.55
398	583	3	26.9
103	258	32	140.42
182	1059	3	24.22
103	206	32	118.34
1919	106	9	71.95
1135	103	3	7.98
2264	101	3	9.87
5631	101	3	21.7
12	186	16	6.4
4859	224	4	57.95
118	184	3	4.44
1017	922	4	49.72
101	1098	3	5.21
941	12	10	27.81
1874	345	5	62.68
114	542	3	10.59
1982	117	3	20.19
103	3968	4	27.84
2114	1682	4	63.79
8	516	3	8.01
599	196	5	41
1427	113	6	42.45
329	107	10	35.14
110	1565	6	41.74
715	14	7	8.7
3077	3050	3	52.58
1494	14	4	6.81
101	632	4	5.21
103	409	4	5.73
128	481	3	13.56
148	840	5	39.31
103	580	9	31.75
1062	106	4	16.1
3515	14	3	9.22
955	101	3	4.55
7	9	7	13.79
614	116	3	12.05
320	103	14	45.49
113	1807	4	27.14
944	107	3	9.58
2223	291	5	63.25
1278	107	7	40.29
108	779	4	13.73
224	122	3	7.22
336	653	3	26.22
268	104	6	11.6
2254	104	4	22.53
107	1322	8	48.76
1589	102	3	7.88
478	102	5	6.45
112	313	9	40.5
1467	103	3	9.6
263	279	3	19.26
180	254	4	22.02
113	1350	8	61.3
878	914	3	34.27
2	14	142	60.89
331	119	5	19.77
105	533	3	5.83
626	236	6	55.06
105	382	12	48.79
2	303	4	9.05
12	4328	3	11.45
1008	14	5	6.67
3968	14	5	28.64
1457	101	3	6.97
102	1431	4	11.77
720	117	4	19.65
2629	2964	3	51.55
667	372	8	89.69
1555	102	4	12.31
1113	1456	3	39.03
160	115	10	31.13
1220	104	3	10.68
769	102	6	14.55
1613	107	5	27.73
102	1118	4	9.58
101	592	13	45.09
2873	425	6	91.66
106	1027	4	15.73
288	149	3	14.35
421	174	3	18.1
3212	14	3	9.22
105	197	5	4.5
124	2189	3	22.68
507	101	7	13.53
2524	368	3	36.22
108	528	4	10.85
102	2648	3	11.52
109	683	3	9.52
323	116	3	8.53
121	937	4	23.9
165	211	3	12.56
134	1329	4	31
2032	2053	4	64.45
240	445	4	30.71
110	939	10	67.84
1567	110	3	15.96
180	4862	3	37.17
105	405	4	8.13
136	217	4	14.9
259	757	6	58.95
331	105	5	10.33
370	2807	8	127.81
107	549	4	10.82
3989	104	3	20.2
802	12	6	8.39
753	604	3	30.64
117	211	5	13.54
135	2200	4	36.63
102	289	6	5
561	110	4	14.38
268	120	3	8.35
2279	104	4	22.53
1774	102	3	8.33
1394	12	6	15.01
200	522	4	30.15
5760	14	3	17.18
108	513	5	15.48
108	469	4	10.07
852	101	4	7.28
1390	103	3	9.23
186	245	3	14.54
698	3246	6	103.39
2248	205	4	43.75
137	120	5	7.36
148	463	4	24.79
1273	104	13	95.41
158	126	4	8.97
572	12	12	25.31
102	1131	3	5.57
1211	3750	4	68.73
260	115	3	6.59
667	102	4	5.71
4048	113	3	25.04
1068	109	3	12.28
173	193	3	12.21
798	103	3	6
8	699	3	9.72
149	114	7	14.6
1100	591	3	32.87
186	3216	3	33.51
907	101	5	11.86
693	116	3	12.69
1720	14	3	4.31
134	871	4	27.14
101	916	3	4.36
1024	102	3	5.09
135	172	17	101.68
1086	576	3	32.71
135	304	4	19
104	354	32	197.9
120	138	5	7.38
229	110	9	28.92
391	939	3	29.75
1200	102	6	20
110	2859	3	20.86
1624	4451	4	76.54
116	736	5	27.01
101	3635	4	21.41
108	1083	3	10.63
114	1180	3	15.36
1010	12	5	7.72
347	108	6	16.53
103	201	19	49.57
103	277	10	22.97
111	134	46	215.87
2012	1830	6	103.28
1975	103	5	26.06
993	101	3	4.76
735	135	3	17.55
103	453	7	18.1
12	1255	4	5.95
103	378	4	5.18
1841	14	4	8.58
121	247	4	12.52
3210	12	3	9.96
129	1609	3	21.79
1354	12	4	6.75
115	127	9	13.71
445	583	3	27.47
270	12	11	7.34
150	127	10	38.59
1226	162	4	34.68
184	175	4	17.91
632	194	8	74.08
106	344	4	7.59
103	1348	11	68.38
3573	14	3	9.22
797	116	12	91.52
106	137	42	141.12
1342	106	3	11.88
509	1535	7	95.47
105	862	3	8.42
8	375	3	6.48
527	294	3	24.26
947	106	5	21.13
129	184	3	7.09
155	806	3	20.84
104	151	8	7.55
178	110	6	11.04
152	262	4	20.18
1891	102	3	8.82
2186	12	5	16.61
159	107	7	7.51
334	12	9	6.65
1351	372	7	88.69
232	998	3	25.84
121	320	3	9.97
102	843	4	7.18
919	12	4	3.9
252	121	7	30.13
108	603	3	7.33
1621	14	4	7.34
125	148	3	4.36
102	2173	3	10
6998	661	3	51.04
142	174	4	13.94
1396	108	7	42
109	263	6	15.6
102	1037	3	5.09
121	472	3	12.15
102	886	8	26.45
111	183	5	8.89
1072	12	6	11.81
113	3364	3	23.46
1152	12	7	17.38
118	209	11	46.23
5092	290	3	41.61
175	310	3	16.34
105	669	3	7.02
175	106	5	3.89
104	403	3	4.61
467	685	3	28.54
123	274	3	9.25
110	1668	4	24.57
461	151	3	17.14
140	105	16	26.15
113	2	47	111.74
1586	12	3	4.55
479	12	6	3.93
101	2647	3	11.39
105	313	4	6.28
207	404	8	68.6
225	104	7	11.57
108	558	11	53.64
108	498	3	6.33
651	12	5	3.93
1005	105	3	9.32
12	1930	3	5.9
103	694	3	5.2
1969	108	5	31.27
165	116	5	10.23
101	1328	3	6.3
749	106	5	18.56
634	101	6	12
506	103	4	6.89
127	159	18	95.52
110	2550	5	40.08
2628	12	3	7.9
388	102	5	4.91
102	3072	4	19.72
768	12	9	18.83
3281	902	3	44.78
758	102	4	6.5
110	3207	5	45.23
104	718	5	17.08
534	110	3	8.99
355	102	5	4.34
136	244	3	10.44
3361	2129	3	51.16
1387	174	3	25.47
400	9	3	7.26
2464	103	5	28.78
102	1401	5	16.45
137	1288	14	157.13
1956	14	4	9.31
906	14	5	5.65
102	1604	3	7.88
748	140	24	272.4
155	356	3	16.11
166	1477	3	26
129	2224	3	24.1
231	1460	4	40.52
113	3043	3	22.23
1027	159	4	32.95
101	557	5	7.33
1234	8	3	13.22
106	1710	4	20.72
101	1182	4	9.79
1897	285	5	60.31
200	115	3	4.86
521	107	12	58.43
378	140	3	14.59
110	2553	4	29.46
894	104	14	88.45
103	2323	4	20.61
484	102	32	172.92
1253	115	5	32.53
2082	14	4	10.16
749	103	3	5.66
1179	14	9	25.32
108	3106	3	18.3
346	103	4	4.7
102	340	8	12.18
221	1432	3	27.92
400	101	10	21.97
102	1617	3	7.88
430	225	3	20.34
105	421	3	4.82
2283	12	3	7.13
548	445	3	27.02
702	280	3	25.55
334	110	3	6.53
12	516	24	82.42
2270	102	3	10
380	572	4	37.71
825	300	3	27
244	320	4	28
106	286	9	26.9
102	3186	4	19.72
108	2020	4	22.76
156	403	3	16.93
2944	106	3	17.96
6920	242	3	44.11
1645	14	3	3.93
104	148	9	9.33
179	448	15	147.06
1898	103	5	24.95
132	213	6	25.49
1575	2116	3	44.93
911	1061	7	97.62
127	604	4	22.09
1098	102	3	5.33
210	12	22	23.91
128	472	3	13.44
305	110	5	14.65
192	102	10	6.86
526	509	3	27.49
12	1163	4	5.59
118	1532	3	18.18
102	951	3	4.67
220	158	6	33.17
124	1197	4	26.56
1247	12	4	5.95
326	12	9	6.3
251	374	7	60.21
112	1032	3	13.99
269	117	3	7.42
1902	12	3	5.4
923	106	5	20.71
5383	105	4	35.9
513	1620	3	34.97
180	1059	3	24.18
108	1629	5	28.23
2574	14	3	7.19
271	750	3	25.58
1766	105	13	116.75
120	118	8	8.35
3252	12	3	9.96
188	133	4	13.46
297	12	11	9.32
124	439	6	32.58
101	7117	3	21.7
107	639	3	7.35
238	117	15	77.65
106	369	3	4.64
135	110	10	15.77
254	2183	3	32.42
104	419	4	8.34
514	104	3	5.68
6275	5651	3	71.7
12	101	839	1094.07
1431	105	6	32.92
107	622	4	11.76
4037	112	5	52.68
1073	186	4	34.95
654	108	5	17.63
347	105	4	7.13
103	338	5	7.27
366	14	16	26.26
216	118	3	5.58
730	903	4	46.6
110	2854	3	20.86
116	731	3	13.04
283	102	7	7
142	200	4	15.84
166	818	6	52.54
1953	102	4	15.08
201	183	6	34.5
108	714	4	13
115	273	3	7.22
362	104	11	41.45
115	190	3	4.43
1306	198	4	37.75
224	107	8	16.34
2032	4088	3	52.08
1968	103	10	75.38
112	627	3	10.97
171	409	4	26.22
12	1267	7	19.02
102	799	9	30
102	732	10	33.56
1625	153	3	25.56
7	13	3	16.1
229	3984	3	37.01
151	1087	3	22.36
958	433	3	30.19
101	650	5	8.61
152	161	6	26.63
1565	14	3	3.93
1039	106	3	10.04
113	904	6	35.63
2	618	4	14.15
101	216	10	8.37
134	227	5	21.49
12	930	4	3.9
1499	102	3	7.47
709	12	7	10.14
156	924	3	21.77
166	492	8	66.7
102	3036	4	19.72
2005	105	3	14.22
108	204	19	68.39
108	256	4	5.4
576	106	4	11.14
126	210	23	149.62
207	105	5	5.05
694	726	4	43.8
102	126	119	351.56
1373	107	3	11.92
133	1660	8	80.64
12	1623	3	4.55
176	527	3	19.57
127	395	3	12.44
127	470	7	43.26
103	781	7	25.11
176	142	7	32.56
102	2662	3	11.52
546	101	4	4.31
110	2282	5	38.31
105	317	11	37.98
2149	14	3	5.79
17	1182	3	25.53
1503	101	4	12.14
102	1136	3	5.57
101	395	5	4.99
103	1917	4	18.62
3756	12	3	11.45
151	156	3	8.98
1763	12	3	4.96
232	266	3	17.64
108	337	5	11.68
246	105	8	16.91
109	992	6	32.33
180	317	4	24.6
116	422	6	28.33
235	14	21	22.31
103	2293	8	59.39
102	170	13	10.18
121	797	4	22.68
152	1896	3	26.41
905	2	3	11.31
766	12	5	5.23
268	109	3	4.49
102	302	21	65.71
127	341	4	17.61
102	244	9	8.6
196	257	13	108
182	115	23	118.33
214	1456	3	27.68
182	232	3	14.12
101	142	17	9.77
311	1621	9	122.03
1438	106	3	12.27
190	144	9	49.36
266	5348	4	60.48
2	8	32	36.22
627	907	4	45.4
104	685	3	7.14
109	1640	3	15.14
113	141	18	59.43
119	568	3	11.86
101	444	7	11.77
972	115	3	14.43
1962	104	7	48.42
637	412	5	51.11
612	102	5	8.34
406	107	17	87.86
2454	12	3	7.13
16	1773	5	51.05
102	558	8	18.8
191	120	5	13.94
661	12	5	4.13
110	874	8	48.45
103	827	3	6.18
103	725	4	9.18
3960	14	3	10.69
103	2444	4	20.61
126	2227	5	45
598	14	16	41.57
1662	2481	3	45.69
101	1719	3	8.2
102	1068	6	18.76
707	14	6	5.97
111	213	3	3.98
116	813	3	13.62
142	158	11	57.76
1080	1440	4	54.44
711	504	4	41.32
108	962	5	21.68
3812	295	3	39.54
1059	3916	3	47.44
276	212	8	62.22
6527	12	3	17.97
189	12	25	27.22
150	397	6	41.24
219	530	5	40.82
2901	106	3	17.96
529	550	3	27.91
744	861	4	46.22
101	898	3	4.17
3564	125	3	26.91
118	222	9	35.46
2003	101	5	21.34
139	184	3	8.8
106	252	4	4.81
177	985	3	23.55
1798	14	3	4.75
679	1361	4	49.87
152	229	4	18.55
119	668	4	19.36
129	264	3	10.27
114	124	29	92.71
1884	12	3	5.4
767	365	4	39.81
294	102	6	5.21
1915	12	4	10.26
102	2531	5	24.25
1364	14	9	28.99
556	108	6	21.54
2556	14	4	12.29
179	398	5	35.73
108	692	3	7.93
143	139	7	25.26
2764	14	3	7.19
669	5118	3	46.55
2974	101	3	12.36
157	110	10	24.12
2200	102	3	10
102	829	3	3.93
882	102	3	4.28
103	425	11	37.1
241	385	4	29.53
107	1090	5	22.56
1315	102	4	10.8
2839	104	3	16.41
1950	12	3	5.9
106	237	6	10.2
869	883	3	33.8
103	1183	10	54.66
770	109	5	22.2
107	4428	3	22.99
223	106	7	12.62
552	144	10	83.67
854	9	3	11.3
242	161	4	20
1849	105	3	13.63
4329	14	4	18.03
1275	157	3	24.3
120	163	3	4.4
486	105	6	18.64
4559	106	3	22.96
1365	119	5	34.78
8	9	55	118.29
118	271	6	22.94
114	2679	3	21.57
146	102	14	7.09
1029	12	5	7.72
181	117	3	4.32
220	200	4	21.74
1430	104	4	18.13
601	3707	4	59.86
532	14	16	36.5
109	201	17	66.48
103	676	3	5.2
122	114	13	22.31
668	106	7	29.17
321	108	3	4.13
101	1239	3	6
102	394	14	40.19
102	513	4	4.18
435	107	3	5.35
582	12	14	34.77
12	3336	4	16.53
104	1662	3	12.59
201	1732	8	97.21
113	227	3	4.91
1855	709	3	37.91
579	190	4	30.2
141	1269	3	22.28
102	4033	4	24.17
564	102	5	7.71
130	149	6	18.43
175	727	7	62.68
102	1281	4	10.8
107	254	12	37.91
311	1848	8	109.3
110	1907	5	35.55
145	215	3	11.11
547	103	7	20.1
1535	103	3	10
208	300	3	17.61
104	775	5	18.01
204	2712	3	32.3
374	111	4	12.52
6023	12	3	17.97
303	109	5	13.26
540	107	7	26.32
464	12	8	8.28
103	2352	3	13.35
207	269	5	33.12
105	1138	5	22.19
166	534	4	27.94
282	120	4	13.9
388	183	7	54.36
108	230	12	35.85
587	334	7	73.06
12	1873	3	5.4
102	319	26	96.02
170	337	6	41.82
127	292	4	16.43
102	217	19	36.39
108	3101	3	18.3
3437	112	3	23.31
4164	14	3	10.69
102	144	45	100.12
150	159	4	14.46
2604	106	3	16.96
105	994	3	9.32
198	119	3	5.15
541	853	4	43.53
152	142	4	12.22
106	250	17	64.11
631	110	3	9.83
386	12	8	6.15
3009	104	3	17.42
756	12	5	4.99
3718	12	3	11.45
102	712	5	9.55
111	356	3	7.52
495	1210	4	46.38
103	561	9	30.85
556	264	5	44.67
103	410	8	21.3
108	734	4	13.24
604	103	6	16.83
622	305	3	25.46
4188	103	3	17.94
761	106	5	18.56
2151	155	5	53.33
132	197	23	156.84
372	101	6	7.03
4086	108	4	32.06
1201	105	5	22.73
109	274	3	4.71
195	231	3	14.75
108	2219	3	15.7
619	102	5	8.34
2479	12	3	7.13
101	1051	3	5.21
636	246	6	55.51
1556	102	4	12.31
1584	452	3	34.34
352	164	3	16.49
12	202	64	202.01
2126	14	3	5.79
2322	14	3	6.43
2326	4706	3	55.74
103	3666	4	25.24
8	245	4	6.65
12	842	7	12.15
1096	106	4	16.1
359	125	36	337.52
579	129	7	47.42
1169	12	8	22.25
328	107	4	7.23
391	572	3	26.64
435	104	5	12.61
113	1556	5	33.93
1140	12	5	8.55
108	477	7	25.47
200	102	8	4.07
103	667	7	22.93
544	14	7	5.89
321	103	4	4.1
102	512	7	13.81
127	541	4	21.11
826	719	3	32.12
112	208	14	58.92
102	258	10	12.74
447	562	4	38.69
447	494	4	37.75
418	105	13	57.54
116	408	3	9.94
218	390	4	28.52
129	609	3	15.3
119	212	4	9.39
136	124	6	11.76
940	12	6	10.35
1074	101	3	5.21
117	118	8	6.45
12	1038	13	47.44
345	106	6	15.92
1760	14	4	7.92
102	1422	4	11.77
136	139	13	57.6
108	1540	4	19.86
105	451	3	5.09
485	108	3	6.22
4040	112	4	37.14
786	105	3	7.85
248	996	4	37.55
309	117	18	116.31
102	1509	3	7.47
3116	12	3	8.82
103	1676	4	17.06
859	102	4	7.43
2786	925	5	78.35
12	946	6	10.35
110	1905	4	26.17
214	122	3	6.93
268	102	6	4.07
257	12	12	7.7
740	14	7	9.05
439	3015	4	55.37
3412	108	4	29.44
1488	14	6	15.24
180	151	6	28.53
102	2646	3	11.52
342	112	8	35.91
623	14	8	10.24
1731	14	4	7.92
109	681	3	9.52
162	667	7	59.56
137	102	27	26.69
2710	104	3	16.41
2081	12	4	11.12
110	941	6	33.45
5116	802	3	47.69
461	1380	3	33.04
102	1331	11	56.42
134	360	4	20.32
107	166	100	666.2
12	693	10	20.61
406	104	8	26.87
105	134	15	19.7
1348	101	3	6.62
105	283	4	5.62
12	2472	3	7.13
507	14	10	13.34
222	103	13	26.77
1761	101	4	13.38
168	14	62	136.74
12	188	28	35.61
193	417	3	19.13
446	2263	4	51.63
118	116	12	16.35
188	105	7	9.42
822	1433	3	36.97
885	113	3	13.16
164	991	4	32.78
132	538	3	15.09
106	4035	3	20.75
125	120	12	27.19
166	624	3	20.07
108	1036	8	44.68
12	1453	8	26.58
103	155	41	135.45
726	106	3	7.79
598	9	5	20.66
577	106	3	6.76
102	918	9	32.9
103	458	14	56.17
1142	108	4	16.93
12	1200	7	17.38
556	103	3	4.18
7	8	8	16.53
5377	12	3	13.58
109	479	7	29.33
132	181	7	28.63
3638	12	3	9.96
167	269	4	22.29
2122	5740	3	59.48
224	120	5	15.7
185	142	3	9.3
113	1039	3	14.14
129	329	4	17.93
104	284	5	8.8
2260	104	4	22.53
172	104	25	83.04
818	339	3	27.83
329	109	3	5.66
1776	12	5	14.38
369	209	4	27.69
1711	112	3	17.66
110	1563	5	32.49
715	101	5	9.36
106	150	10	14.06
1906	14	6	19.8
105	2177	3	14.87
110	2857	4	30.98
4747	5878	3	67.2
694	511	4	41.25
167	520	5	37.27
383	134	3	13.9
128	159	3	5.79
2206	14	5	15.37
102	873	4	7.43
111	197	22	106.42
102	1640	3	7.88
118	312	3	8.49
266	1175	3	28.43
354	102	8	12.79
104	491	5	13.71
104	356	3	3.98
757	102	4	6.5
391	941	3	29.75
105	761	3	7.67
259	504	3	22.55
5425	12	3	13.58
105	658	3	7.02
113	967	3	13.63
113	915	5	27.68
1671	466	3	34.96
105	973	3	9.08
103	1299	4	14.21
106	342	5	11.45
12	411	42	190.28
106	193	6	7.55
128	1117	3	18.76
529	106	3	6.27
4217	526	4	61.29
134	694	3	17.15
124	141	5	9.5
2671	112	4	31.09
102	1965	3	9.38
393	101	5	4.99
12	1253	7	18.17
644	618	4	42.17
116	948	4	22.06
108	649	11	57.39
734	1090	4	48.06
115	129	7	8.84
362	164	3	16.77
206	507	9	83.76
4239	307	3	39.7
1050	590	5	60.67
181	4366	3	34.94
300	103	5	6.31
131	506	6	37.89
17	9	9	24.29
2669	108	3	17.29
105	462	3	5.19
1122	418	4	44.18
4063	112	3	24.89
554	14	7	6.12
104	669	4	11.46
786	119	4	20.59
155	148	4	13.7
174	106	25	87.92
942	110	3	12.3
1454	850	3	37.19
107	475	4	9.85
2293	12	3	7.13
12	869	6	9.11
145	183	5	21.17
133	7223	3	37.36
110	2086	4	27.12
1256	12	4	5.95
101	459	9	19.87
314	102	9	14
313	161	3	15.61
105	208	6	7.68
105	151	22	58.14
228	409	3	20.37
2549	14	3	7.19
1155	103	3	8.27
12	5326	4	23.97
2691	14	4	12.29
4756	103	4	32.81
852	14	8	14.67
2116	2097	6	108.16
883	117	7	46.35
182	351	3	17.42
918	12	4	3.9
251	2216	4	45.78
174	1222	3	24.74
110	4416	3	25.89
1416	509	3	34.08
1020	110	5	26.77
521	104	14	70.45
133	1963	3	24.5
103	735	5	13.88
1005	103	4	11.85
1614	108	4	20.49
165	184	3	11.31
727	3917	4	63.91
145	384	3	15.63
151	305	3	14.75
288	121	4	14.7
12	833	5	5.76
232	163	3	13.18
1154	427	3	31.63
425	400	4	35.84
118	717	3	13.05
101	564	9	23.27
1184	103	3	8.27
140	103	13	9.82
714	125	8	57.03
245	9	7	19.5
1300	102	3	6.42
149	127	3	5.03
283	1987	4	46.82
891	12	5	6.34
3589	423	3	40.1
105	311	5	9.72
136	349	3	13.39
102	4017	3	15.22
119	195	7	22.24
249	107	6	10.9
123	443	4	18.3
103	1810	3	11.41
134	277	4	18.07
381	108	3	5.08
3468	14	3	9.22
496	14	9	10.11
102	1602	3	7.88
145	1608	9	99.87
1283	112	3	15.53
103	947	4	11.53
101	1510	4	12.14
102	128	36	35.46
110	2552	4	29.46
2341	102	3	10.7
990	102	5	12.85
17	207	4	20.76
571	12	12	25.31
128	457	3	13.32
103	365	5	8.15
405	858	11	140.87
138	120	7	14.22
126	2399	4	34.72
115	114	12	12.46
126	808	3	15.93
527	1394	7	93.5
108	2031	3	15.05
2309	14	3	6.43
483	1169	7	89.66
219	14	14	5.21
110	3719	4	35.51
129	116	27	101.67
101	613	4	5.05
538	246	4	32.24
2557	110	3	19.85
1541	102	5	17.84
1667	12	6	18.72
159	109	23	87
917	181	5	44.1
481	1037	5	58.02
118	154	6	13.12
146	115	9	22.93
215	104	5	5.27
107	640	3	7.35
101	1002	3	4.76
118	329	4	13.89
735	7318	3	51.59
2642	12	3	7.9
12	257	14	11.92
197	1465	8	91.31
2918	1671	3	48.09
105	746	3	7.67
2395	103	3	13.35
1189	785	4	49.44
575	167	11	103.62
1621	101	3	7.75
3354	1812	4	70.38
200	803	4	33.56
817	391	3	28.81
934	14	5	5.65
1852	174	4	39.81
247	116	3	6.36
111	181	4	5.63
103	230	7	8.09
12	1523	10	41.34
110	572	3	9.39
477	103	12	45.15
2234	14	4	10.16
111	238	3	4.68
110	522	8	39.37
110	598	11	65.4
12	1469	3	3.87
166	640	5	39.12
1487	12	7	22.04
234	2	7	17.96
109	142	23	72.84
419	3130	3	38.85
1712	107	9	66.48
486	107	3	5.96
184	514	3	19.65
2588	2361	3	49.65
3679	102	3	13.68
2326	4707	3	55.74
384	530	8	86.28
315	431	11	117.53
586	672	3	29.75
102	1735	5	19.51
365	9	4	11.17
215	119	5	13.89
124	497	3	12.8
118	132	17	52.67
627	2898	3	41.15
106	420	3	5.23
12	130	81	115.76
1993	14	5	14.19
407	103	4	5.73
298	144	3	13.78
386	101	6	7.34
106	169	6	5.83
114	202	6	16.21
2876	166	5	59.99
183	854	3	22.69
312	113	5	16.89
428	363	3	24.54
108	733	5	18.78
114	1605	7	55.62
1674	111	4	25.58
109	527	3	8.1
111	357	6	22.95
393	189	6	46.12
2753	119	3	22.61
180	106	6	6.58
116	460	4	16.22
484	285	3	23.48
1965	112	3	18.79
108	174	5	4.15
788	1029	4	48.2
111	2208	3	19.01
629	285	3	24.93
1622	3642	5	90.73
1088	102	3	5.33
447	493	3	26.47
547	109	12	67.09
12	1097	18	87.43
148	1458	4	34.75
850	908	13	197.85
978	110	3	12.3
2532	387	3	36.42
105	368	4	7.55
108	1448	7	43.08
303	103	11	29.3
105	487	5	13.78
2443	14	3	6.43
590	14	8	9.55
738	647	3	30.78
609	1132	3	33.33
4849	750	3	47.29
183	101	10	5.34
1777	14	4	8.58
104	893	4	13.72
834	105	3	8.22
4882	199	3	38.12
12	843	5	5.76
117	369	4	14.84
1710	113	4	26.38
124	932	3	16.39
12	1910	3	5.9
112	505	3	9.74
102	459	6	9.13
9	122	9	6.04
3239	12	3	9.96
967	102	3	4.67
102	579	5	7.91
435	105	9	33.16
1075	137	3	20.2
1009	427	4	43.53
1119	103	3	7.98
1092	101	5	13.51
1145	413	3	31.51
114	1654	3	17.67
137	103	18	18.95
240	448	3	21.24
110	940	9	58.7
1097	118	3	15.73
1995	5357	3	54.31
1198	101	6	19.73
231	106	5	6.81
833	120	5	30.29
2250	12	3	6.48
141	560	5	33.33
603	104	26	183.96
349	2	3	6.08
136	593	4	24.22
104	1047	7	34.84
1220	103	4	13.75
102	1179	8	31.97
152	934	9	86.4
406	105	3	4.73
364	494	6	59.78
3684	14	3	9.22
1992	101	3	9.25
2	12	82	6.38
492	445	3	26.47
105	385	4	7.78
2127	12	4	11.12
1008	12	5	7.72
174	117	11	40.12
166	475	5	36.16
1037	12	6	11.29
263	200	4	24.06
103	2303	4	20.61
1202	102	5	14.71
766	8	4	15.97
268	103	6	7.93
394	1085	3	30.57
609	783	3	30.84
154	808	3	20.67
224	119	4	9.83
1139	14	8	19.45
143	114	15	47.51
141	601	4	25.6
1672	12	4	8.84
138	149	3	6.61
103	577	14	63.14
320	104	11	38.14
715	12	7	10.14
12	365	7	3.87
106	266	4	5.57
702	102	6	13.49
152	227	4	18.49
113	1040	3	14.14
104	233	20	75.29
113	889	4	19.92
2674	103	5	30.53
1058	14	9	23.32
114	188	4	7.27
626	819	5	58.14
676	106	3	7.63
8	261	3	4.17
996	215	3	25.1
1923	14	3	5.23
941	14	12	35.66
818	391	4	40.93
101	4344	3	15.08
120	150	4	6.74
285	14	21	33.71
308	131	3	11.9
12	187	64	178.32
472	12	8	8.28
1772	102	3	8.33
118	232	4	10.3
106	1278	3	11.53
103	156	30	80.61
171	142	3	8.75
241	120	3	7.22
1642	107	8	54.28
3983	104	4	30.87
110	549	10	55.08
102	1070	4	9.22
2660	102	3	11.52
104	1202	4	16.2
125	177	4	10.08
398	582	3	26.9
106	343	3	4.27
133	381	4	20.65
101	660	4	5.56
124	142	11	37.46
646	107	3	7.35
371	102	9	16.99
270	14	25	45.06
340	114	6	24.24
114	159	4	5.52
114	306	4	12.16
132	238	3	9.6
104	1514	5	25.95
101	3277	3	13.55
224	105	13	36.02
404	102	8	14.62
487	110	12	68.06
121	244	5	17.59
1698	102	3	8.33
12	1582	3	4.55
103	336	19	76.4
448	363	3	24.77
121	498	3	12.52
111	131	9	12.71
147	16	5	20.21
830	1658	3	37.86
119	1647	3	18.7
162	290	5	30.54
622	391	3	27.12
104	1175	3	10.36
1218	14	5	8.39
206	328	69	1010.99
153	193	3	11.07
1010	14	4	3.89
12	5076	3	13.58
2358	14	3	6.43
209	116	4	8.93
552	541	4	39.89
156	105	42	172.22
105	837	4	13.2
120	193	3	5.69
102	3435	4	21.59
103	1470	6	28.38
12	160	28	23.86
1431	107	3	12.3
12	2	82	6.38
148	1852	9	105.3
106	521	4	10.44
101	1086	3	5.21
124	444	4	18.41
124	2373	3	23.43
119	372	6	27.37
113	259	3	5.83
149	111	8	16.35
113	207	3	4.31
107	179	55	296.65
686	14	30	143.8
406	177	3	18.3
113	3016	3	22.23
272	2986	3	35.97
240	398	4	29.95
102	541	4	4.44
102	481	5	6.45
572	14	16	39.76
4016	12	3	11.45
272	124	3	9.19
108	472	4	10.07
1929	12	6	21.31
108	320	4	7.38
116	482	3	10.83
1980	117	3	20.19
121	603	3	13.63
1394	14	5	9.45
203	101	8	3.99
2293	101	6	32.11
309	106	22	111.77
802	14	6	7.16
181	1666	4	38.85
102	1451	4	11.77
3359	103	5	35.64
436	14	8	5.93
141	1387	8	79.19
108	1538	3	13
4027	107	4	31.65
292	489	3	23.78
155	147	24	168.96
3229	12	3	9.96
6363	104	3	26.89
627	2332	4	55.36
107	447	10	41.56
906	12	5	6.66
190	3102	3	32.69
111	1757	3	17.21
345	117	3	9.13
471	2984	3	39.44
126	1439	12	123.41
110	3210	3	22.09
1335	448	3	32.92
355	105	13	52.86
105	490	3	5.5
136	247	4	16.27
105	355	6	15.17
181	3629	4	47.95
110	2551	5	40.08
132	760	3	17.03
1528	119	4	26.91
103	2337	4	20.61
12	1736	3	4.96
346	109	3	6.04
102	127	44	55.4
165	369	4	25.04
1005	102	3	4.87
112	385	5	18.82
267	311	7	59.77
994	12	5	7.34
9	102	58	21.25
4707	12	3	13.58
107	1461	3	12.3
126	418	4	18.67
336	373	3	23.04
981	6045	3	53.61
108	559	3	6.8
651	14	7	7.73
149	128	5	12.96
479	14	14	25.69
1586	14	4	7.34
307	1654	3	31.89
1206	106	7	39.28
391	598	4	38.41
105	310	5	9.72
170	4032	4	49.93
12	662	5	4.13
110	1667	7	53.02
123	339	3	10.58
2374	12	3	7.13
101	412	5	5.25
140	102	14	4.48
741	104	10	49.69
245	110	8	25.12
107	138	54	210.21
102	3656	3	13.68
120	178	3	5.09
105	820	3	8.22
317	1704	4	46.13
420	500	3	26.12
242	479	3	21.6
124	480	4	19.04
2948	14	4	13.7
437	101	5	5.52
101	918	3	4.36
107	641	3	7.35
102	1656	5	18.63
2292	14	3	6.43
133	114	6	7.09
2224	119	4	30.81
1100	3607	3	45.85
103	290	9	19.93
103	231	72	439.77
128	204	4	12.44
110	571	11	64.13
197	141	6	27.36
1621	12	6	17.65
125	149	16	73.82
417	107	14	66.73
1289	104	3	11.01
379	363	3	23.89
252	120	4	12.27
1389	102	4	11.26
1627	198	7	80.14
604	180	3	20.59
983	113	6	36.71
635	396	5	50.75
286	105	71	571.44
121	217	3	6.85
102	844	8	25.21
1017	1983	6	93.52
103	440	4	6.08
1708	112	10	91.39
305	14	15	17.59
687	101	6	12.92
159	108	65	356.21
2186	14	3	5.79
334	14	23	49.35
214	722	11	115.98
5431	6437	3	67.2
704	107	6	23.84
150	113	7	13.89
441	102	9	19.58
129	232	3	9.02
856	109	7	37.73
112	269	4	10.3
3704	12	3	9.96
102	275	16	37.61
109	1085	3	12.28
180	220	7	43.44
110	2554	3	19.85
1313	14	7	17.33
587	206	8	74.78
5902	14	3	17.18
915	14	5	5.65
108	159	6	5.55
497	882	3	30.56
104	773	4	12.62
104	654	13	69.14
5931	14	3	17.18
3991	119	3	26.45
105	352	4	7.13
117	250	4	10.8
12	1021	4	4.66
400	12	10	11.8
780	102	6	14.55
140	416	3	15.21
517	12	19	55.25
1564	12	4	8.24
12	768	6	8.05
647	102	4	5.53
3961	421	3	41.68
140	109	8	9.69
107	196	49	265.62
530	102	5	7.14
633	199	3	21.68
119	533	3	11.45
104	1028	12	76.01
985	14	5	6.31
528	134	3	15.62
2968	14	4	13.7
2016	256	3	31.93
1849	1649	5	79.84
116	141	12	34.64
2383	14	3	6.43
108	411	3	5.42
102	2678	3	11.52
1097	149	3	22.33
122	2	18	28.21
668	117	3	12.64
106	1711	4	20.72
191	149	4	16.58
102	595	4	5.03
9	16	7	12.86
398	549	5	49.61
262	145	3	12.86
153	117	5	9.22
12	3776	3	11.45
417	104	4	8.34
1396	104	6	31.96
132	570	3	15.37
822	192	3	23.08
588	2	22	162.45
109	259	4	7.25
311	5059	3	42.01
181	106	5	4.2
1247	101	3	6
106	1307	4	17.81
562	14	11	18.35
103	174	9	8.28
110	582	15	99.41
1902	101	3	8.7
128	219	8	36.57
101	7014	3	21.7
152	580	3	18.52
134	950	3	19.24
102	1871	3	8.82
102	1659	5	18.63
168	128	3	6.25
12	146	57	96.53
106	539	3	6.38
103	1388	3	9.23
274	326	3	20.88
105	673	6	22.1
141	1723	3	24.44
1063	12	4	4.95
1706	860	8	124.67
126	1834	5	42.57
104	570	3	6.16
113	813	6	33.74
12	3132	3	8.82
1461	1691	3	42.21
114	145	4	4.23
223	117	6	18.98
8	363	3	6.4
110	3717	3	23.67
182	3326	3	33.4
152	206	3	11.45
166	5499	3	40.98
152	258	5	27.16
106	118	52	121.34
973	106	5	21.13
1369	14	4	5.89
110	1476	9	71.05
102	645	4	5.53
811	14	10	21.45
2529	14	3	6.43
444	802	4	41.39
179	447	8	66.8
116	899	8	55.13
132	212	4	13.8
102	798	6	14.94
1920	5744	3	58.81
2906	3297	3	53.82
102	680	12	43.61
994	1088	3	36.09
207	605	3	21.83
351	14	9	5.67
132	167	4	11.41
115	189	16	73.13
3720	14	3	10.69
104	167	45	203.73
109	1255	3	13.18
2988	103	3	15.18
397	105	4	8.01
1170	112	13	111.25
102	5208	3	17.4
352	386	3	23.51
721	468	4	40.8
139	107	8	5.69
106	133	8	4.29
124	276	30	240.07
107	876	5	20.37
168	111	4	5.1
982	102	3	4.87
101	1023	3	4.98
886	107	7	33.63
1828	104	3	13.59
107	742	6	24.22
1357	103	6	27.51
533	14	12	20.43
120	199	3	5.94
642	14	6	5.21
105	720	7	28.88
1549	2029	3	43.79
110	2855	3	20.86
132	553	3	15.23
141	990	3	20.43
171	207	3	12.68
5674	12	3	17.97
973	1222	3	36.78
2083	12	3	6.48
220	110	8	22.81
147	102	30	48.64
695	12	5	4.33
116	126	15	35.18
165	268	8	55.51
108	2764	4	26.03
103	699	7	23.75
122	204	3	6.73
102	1239	3	6.12
239	434	5	40.18
2282	14	5	16.75
324	4	5	45.19
2817	12	3	7.9
130	120	10	22.82
105	214	7	11.01
105	401	4	8.13
119	181	6	15.99
264	126	5	20.47
1673	1214	7	112.48
239	116	8	30.87
1174	125	10	89.86
223	2484	3	31.99
2313	972	3	41.89
2068	119	3	20.33
124	634	3	14.07
2467	373	5	67.26
952	661	3	32.71
475	326	3	24.31
102	292	11	19.95
107	1202	5	23.61
170	159	4	16.2
133	1661	4	33.11
103	1103	3	7.72
112	294	4	11.35
1071	8	3	12.31
1172	108	3	11.21
360	117	3	9.3
102	4955	3	17.4
109	867	12	80.17
112	2915	3	22.08
101	4	8	15.62
4067	105	3	20.24
101	528	5	6.95
123	240	6	23.53
148	1205	4	32.74
1763	174	3	27.26
136	592	3	16.39
4330	12	4	19.07
173	154	3	10.12
183	156	10	59.61
149	170	8	41.31
1433	12	3	3.87
144	341	7	46.16
3691	12	3	9.96
102	557	6	10.9
9	132	10	13
196	458	12	114.97
101	1361	4	11.09
102	346	6	6.66
103	767	3	5.83
103	648	4	8.56
746	4497	3	47.29
102	303	7	7.78
101	1466	3	6.97
254	1604	8	100.3
478	106	4	9.81
892	108	3	9.41
1582	12	4	8.24
520	102	4	4.31
105	597	4	10.71
3828	12	4	19.07
149	498	4	25.84
2170	113	6	50.1
119	109	65	222.56
123	2850	3	25.23
102	1367	6	22.2
1704	106	3	13.6
107	492	5	14.8
145	105	7	4.61
329	103	25	114.66
244	124	3	7.97
124	259	5	19.07
101	6851	3	21.7
393	113	8	38.68
251	145	4	18.63
320	107	6	14.86
121	111	11	12.72
722	14	6	5.97
237	112	19	99.06
804	108	4	13.99
207	687	8	77.18
294	103	5	6.31
108	632	3	7.48
2273	101	3	9.87
2685	14	8	45.83
116	753	11	79.75
1019	546	3	31.99
1379	14	4	5.89
1940	1198	3	41.9
166	622	9	81.7
103	262	67	434.39
128	124	6	9.05
101	1870	3	8.7
157	579	3	19.11
537	695	3	29.33
107	818	7	32.52
958	102	4	8.26
1292	594	5	62.98
105	703	3	7.33
570	108	9	40.37
227	9	4	6.59
1388	155	5	46.61
3045	224	3	33.88
110	1144	11	84.03
771	1142	3	34.77
238	106	34	174.94
1117	112	4	21.86
105	729	3	7.5
486	104	4	9.31
114	442	3	9.53
135	200	3	9.15
913	246	3	25.66
166	639	10	93.87
153	107	8	9.13
104	1291	4	17.1
3419	3579	6	135.08
142	110	11	22.68
477	108	13	64.47
111	167	5	8.08
102	1084	5	13.73
269	106	14	51.9
121	128	12	31.36
166	4399	3	36.49
138	106	86	421.56
125	385	4	17.88
115	12	200	388.11
1605	109	4	22.76
311	2704	3	35.92
116	904	4	21.73
632	109	3	9.05
184	259	5	30.21
101	2528	3	10.57
2881	5642	3	62.14
1096	2280	4	58.97
1177	102	3	5.84
111	1186	4	21.69
261	103	6	7.24
1124	1270	3	38.25
112	2103	4	28.74
1823	108	7	48.64
136	114	6	7.38
130	519	5	29.44
2303	14	4	11.14
5000	3373	4	85.66
110	1906	5	35.55
187	16	4	17.59
102	1536	4	12.31
107	583	4	11.37
239	211	4	23.02
291	170	4	23.43
102	216	12	13.62
382	147	3	15.75
3622	587	4	59.65
154	210	3	11.75
311	2191	8	114.57
161	14	45	64.01
873	116	3	14.04
108	543	3	6.68
623	157	3	19.57
165	4963	3	36.42
102	470	7	12.76
107	1477	3	12.71
2555	12	4	13.29
102	574	5	7.91
827	102	4	7.18
778	756	3	32.08
524	511	5	51.38
102	1280	3	6.42
12	2626	3	7.9
12	2423	3	7.13
963	14	6	9.05
113	7	4	6.03
105	220	9	18.47
109	356	7	25.34
109	491	4	12.48
265	1289	3	29.12
108	836	5	20.11
212	115	4	8.72
143	104	8	5.68
675	145	7	56.41
128	420	5	26.59
121	165	3	4.94
2228	14	3	5.79
121	312	4	15.3
1090	407	3	30.79
298	116	5	18.31
109	4075	4	34.38
529	101	4	4.17
139	159	5	17.69
102	2006	3	9.38
676	2918	5	77.3
178	267	4	22.93
102	1902	4	14.27
365	600	12	144.46
270	109	4	7.98
764	12	5	4.99
135	356	3	13.46
116	1646	3	18.44
105	978	4	14.39
775	102	5	10.4
663	12	5	4.13
248	170	3	14.04
8	330	9	35.64
120	129	7	11.55
114	353	3	8.38
123	621	5	28.31
106	455	3	5.61
274	8	3	4.74
344	125	21	164.22
110	494	7	31.84
128	169	4	10.35
110	562	14	88.76
147	14	39	33.81
111	141	73	442.42
1282	119	10	85.97
257	2212	7	92.63
142	131	5	12.65
504	102	4	4.05
102	2225	3	10
951	113	20	187.09
125	2	10	8.11
2304	12	4	12.11
419	620	7	76.81
103	642	7	22.53
103	852	4	10.65
4902	107	3	22.99
272	118	8	35.34
821	2514	7	113.84
1252	101	4	10.2
1770	108	3	13.93
154	362	3	16.13
313	249	3	19.29
600	14	8	9.89
135	669	3	17.01
109	1886	10	87.69
222	186	3	13.69
113	213	10	36.46
1047	102	3	5.09
105	2952	3	17.46
12	807	5	5.49
364	549	3	25.94
118	856	3	14.23
1352	111	4	23.13
1816	214	4	42.24
717	1327	4	49.6
101	314	6	5.35
792	135	24	271.88
457	105	5	13.2
402	116	6	27.89
2229	4084	3	52.75
841	14	5	4.8
806	14	5	4.54
121	609	3	13.63
127	264	6	27.67
102	297	8	10.39
1266	12	4	6.33
111	899	6	33.94
1060	110	3	13.09
103	957	4	11.53
12	1831	3	5.4
105	1183	4	16.25
1450	135	3	22.15
291	121	4	14.89
217	112	4	7.76
634	108	4	12.14
339	1008	3	29.31
240	9	8	24.02
102	137	25	21.97
102	270	43	192.59
1151	252	5	51.9
12	1026	5	7.72
475	8	3	7.66
254	106	6	11.24
123	535	5	27.05
165	1312	3	24.73
155	110	6	8.9
249	12	16	15.15
884	102	3	4.28
857	3575	3	44.31
1833	104	3	13.59
183	117	4	7.68
2	536	5	18.71
2333	12	3	7.13
173	111	9	24.2
985	102	3	4.87
2789	221	4	46.74
12	652	5	3.93
112	1149	3	14.87
117	499	4	17.02
102	1357	10	50.16
101	501	5	6.6
1585	14	3	3.93
586	114	4	17.15
698	4484	4	68.66
2173	112	9	88.37
2833	14	3	7.19
1857	130	3	22.92
101	1186	3	5.72
240	413	6	50.55
133	3173	3	27.81
1031	12	4	4.66
109	759	4	15.67
144	102	19	15.28
521	160	3	18.66
102	2673	3	11.52
101	4065	3	15.08
108	4200	4	32.06
549	12	14	32.6
128	266	4	15.49
12	1490	3	4.19
1908	914	4	56.55
1007	116	4	22.41
1164	14	4	4.78
120	114	12	16.89
196	3493	5	65.41
135	254	3	10.85
116	2054	3	20.08
163	105	6	4.58
248	144	4	18.16
172	531	10	90.18
118	216	3	5.58
1424	107	3	12.3
584	12	14	34.77
2133	104	5	31.07
12	149	61	119.11
123	788	4	22.69
1649	12	3	4.55
202	109	8	19.67
871	115	3	13.73
1519	102	5	17.84
124	181	3	5.8
178	104	6	5.69
102	1971	3	9.38
101	608	6	11.72
1927	129	3	23.43
647	932	7	89.25
156	458	7	53.49
114	215	13	55.88
114	150	14	47.03
3986	108	4	32.06
110	3714	5	50.63
4166	14	3	10.69
553	490	3	27.51
143	150	8	35.05
252	114	3	5.93
2179	105	3	14.87
118	1280	3	17
1869	234	6	71.44
108	2462	3	16.44
121	211	5	15.87
101	1952	3	9.25
697	110	4	16.25
121	154	4	7.61
103	370	7	15.54
12	1337	5	10.59
110	257	6	16.67
826	140	4	27.92
103	473	6	14
209	144	4	16.35
108	1634	4	20.49
189	150	3	10.74
163	119	41	256.57
169	1000	3	23.11
3721	12	3	11.45
133	300	7	40.43
12	269	10	5.33
2587	12	4	13.29
12	194	60	168.07
352	12	9	7.2
1574	164	5	49.75
149	2447	4	40.74
1171	113	3	15.01
220	131	4	14.05
102	976	5	12.45
121	383	3	11.09
101	1646	3	7.75
645	103	9	33.72
175	1494	3	26.4
656	101	4	5.56
131	987	5	36.85
282	631	4	35.69
108	688	3	7.93
817	326	3	27.57
115	169	5	10.1
625	2326	4	55.36
186	1094	3	24.33
126	619	3	14.34
2679	112	5	42.12
132	141	6	16.75
103	2653	3	14.19
2335	14	4	11.14
641	12	10	19.51
12	1154	4	5.59
660	102	5	9.04
251	300	6	46.74
1888	514	4	50.84
110	1402	6	39.72
3461	12	4	16.53
6593	14	3	17.18
799	112	27	265.65
728	101	5	9.62
129	303	3	11.28
145	219	4	17.16
568	105	3	6.19
452	8	3	7.44
101	121	23	4.36
146	857	3	20.39
101	296	8	10.1
104	779	3	7.81
1274	107	3	11.56
104	846	7	31.19
2	253	12	45.8
166	1145	4	34.68
2285	12	3	7.13
1065	102	4	9.22
116	466	3	10.59
3383	102	3	13.68
161	102	13	8.65
272	402	3	22.08
103	1010	6	23.39
1107	106	6	30.07
1363	352	3	31.46
326	940	3	28.51
1944	2115	5	85.37
278	121	3	9.18
132	899	3	18.08
105	1566	6	34.92
108	488	8	31.63
236	117	3	6.22
101	6028	3	21.7
980	339	3	29.04
113	223	4	8.2
328	12	9	6.3
479	115	3	10.41
102	3977	3	15.22
105	175	10	16.94
746	1798	8	124.23
190	554	4	29.81
130	145	5	12.91
341	102	7	9.13
254	6693	3	44.63
667	203	3	22.28
123	252	5	18.56
123	326	4	15.99
1778	14	4	8.58
727	14	5	3.86
670	787	5	57.99
1848	14	4	8.58
355	591	3	26.1
149	299	3	14.57
101	388	5	4.75
6131	115	3	32.58
2743	2	3	19.07
107	110	365	2050.46
123	311	4	15.57
106	917	4	14.72
104	2273	3	14.83
3441	104	3	18.64
1022	107	14	97.69
102	554	6	10.9
102	502	4	4.05
1709	104	4	20.01
165	145	4	14.21
240	379	3	20.36
433	126	15	113.23
12	2009	9	43.7
909	9	4	18.02
16	2351	4	42.31
888	106	3	9.1
399	14	8	5.34
4035	112	4	37.14
166	438	4	26.41
17	121	7	25.27
132	681	3	16.48
103	2245	3	12.62
1563	14	3	3.93
3964	12	3	11.45
489	109	5	17.77
1322	110	5	29.52
102	298	9	13.41
121	691	4	21.4
127	271	6	28.06
102	248	14	23.87
103	906	5	16.26
12	1752	3	4.96
109	2158	3	17.41
101	345	5	4.08
101	271	6	3.98
513	3001	4	56.55
887	200	3	23.99
117	190	4	8.29
554	116	6	31.38
331	112	3	7.52
2854	14	3	8.09
105	443	5	12.84
116	1186	5	32.48
1596	14	4	7.34
457	119	16	113.99
119	242	6	20.5
103	1160	4	13.33
12	474	40	190.81
427	101	7	11.55
533	372	5	48.26
103	3975	4	27.84
104	293	5	9.22
455	107	3	5.64
563	12	6	5.19
209	498	3	20.68
594	12	6	5.62
135	1201	3	20.7
132	227	3	9.31
115	149	5	8.25
224	113	3	4.71
143	120	4	5.65
108	637	3	7.48
121	116	21	57.5
543	106	3	6.38
102	808	10	35.69
181	591	3	20.43
12	1496	4	7.7
3270	14	5	23.35
726	101	5	9.36
707	103	4	9.18
216	159	5	25.62
786	1764	3	37.94
180	978	3	23.37
262	120	4	12.8
2909	902	7	125.14
1379	102	3	6.74
408	117	3	10.06
125	230	5	18.03
189	104	6	6.61
198	532	3	20.6
114	430	6	27.02
105	781	3	7.85
156	187	3	10.88
5192	107	3	22.99
202	197	5	28.12
12	177	30	36.3
168	108	6	6.32
233	480	3	21.39
118	292	3	8.2
127	2739	3	25.22
909	14	8	15.85
389	629	5	50.57
772	140	3	18.7
412	117	3	10.06
111	830	4	18.54
356	102	5	4.34
535	110	3	8.99
240	392	5	39.61
103	761	4	9.63
640	110	6	28.35
171	700	4	30.36
162	2538	4	41.85
103	658	10	40.37
101	383	7	10.3
134	356	5	27.51
381	454	3	25.09
281	109	6	16.97
630	107	4	11.76
845	117	3	13.94
177	115	3	3.93
4865	109	3	25.04
4109	14	3	10.69
874	14	6	8.23
105	279	5	8.76
113	197	17	76.42
292	114	3	7.32
102	1429	13	79.39
648	12	5	3.93
169	149	3	9.72
1404	175	4	37.23
124	825	4	23.36
133	1092	3	19.91
110	2081	3	18.24
117	129	6	6.85
101	1396	3	6.62
327	115	7	30.89
267	6594	3	45.39
166	548	4	28.13
8	1668	3	15.66
373	103	9	24.24
2377	14	3	6.43
235	108	4	4.54
103	462	4	6.34
333	103	4	4.35
790	130	21	218.99
101	2061	3	9.25
325	1121	3	29.63
1120	12	4	5.26
201	304	4	25.91
2664	104	4	24.85
102	2388	5	24.25
108	777	12	70.18
172	12	27	25.55
480	221	3	20.84
1069	12	4	4.95
251	1595	3	29.86
192	1551	3	27.33
2446	14	8	39.67
1267	1146	3	38.57
585	14	8	9.55
12	539	9	12.93
789	1064	21	375.36
152	179	5	22.06
1683	5716	3	57.65
2814	1617	3	46.56
101	638	4	5.21
168	103	7	3.97
2551	14	3	7.19
106	575	4	11.14
255	121	3	8.16
325	106	58	464.94
103	3837	3	17.94
135	122	4	5.08
330	190	4	25.69
1509	104	9	60.63
818	445	3	29.48
379	583	3	26.59
970	102	3	4.67
104	1249	3	10.68
108	897	3	9.41
1480	3835	3	49.95
3006	112	3	22.08
102	1073	3	5.33
102	922	3	4.47
220	179	7	43.44
134	1835	3	24.04
166	697	7	61.26
1409	2353	8	147.04
3714	14	3	10.69
234	106	4	4.21
1339	106	3	11.88
4639	427	3	44.03
102	971	5	12.45
101	1817	3	8.7
2255	12	3	6.48
103	164	15	23.58
2404	1425	3	44.8
124	419	3	11.88
101	995	4	8.4
2421	113	3	20.35
118	127	27	98.91
58	102	3	6.42
227	102	9	7.61
3197	102	3	12.49
12	282	13	13.03
12	332	49	210.46
274	339	3	21.14
871	102	3	4.1
961	1204	3	36.45
599	543	3	28.66
248	128	4	14.25
8	167	5	6.04
104	378	5	11.5
1976	103	4	18.62
1500	4838	3	52.19
172	146	7	33.4
12	2685	5	19.68
12	4738	3	13.58
3930	106	3	20.75
104	201	9	17.18
410	407	3	24.94
1809	698	3	37.91
159	111	4	4.56
106	12	151	39.57
487	131	4	21.71
102	834	7	20.09
101	1968	3	9.25
230	110	11	39.83
121	271	3	8.86
148	736	3	19.49
706	820	3	32.12
339	363	6	55.1
103	414	7	17.1
701	431	4	40.16
469	125	5	26.46
224	189	3	14.2
185	121	4	9.52
6470	764	3	51.78
1434	108	6	34.6
494	14	12	19.45
110	849	13	93.25
4956	112	3	27.11
2307	14	3	6.43
706	106	5	17.94
102	153	38	85.4
127	116	8	11.36
346	112	27	196.22
1669	12	4	8.84
926	1890	4	55.69
3918	12	5	29.96
823	107	3	8.72
102	3021	4	19.72
102	4983	3	17.4
104	845	3	8.19
258	479	17	193.27
105	441	4	8.65
117	114	13	16.44
271	2660	3	34.88
2048	14	3	5.23
755	1411	3	36.35
204	238	3	15.36
177	281	3	15.87
123	267	14	85.21
180	3997	3	34.94
139	1035	3	20.45
1112	8	3	12.6
118	844	4	21.07
102	1171	3	5.84
113	181	5	9.67
847	102	5	11.02
2164	2	5	35.51
105	230	8	15.92
1372	102	4	11.26
456	102	7	12.51
1538	198	3	27.58
116	154	4	5.83
109	775	6	28.97
805	12	10	23.78
101	4125	3	15.08
101	4005	3	15.08
176	238	6	36.46
321	14	10	6.36
101	1246	3	6
555	101	5	7.33
499	112	8	41.82
104	763	3	7.63
758	12	5	4.99
3716	12	4	19.07
8	939	3	11.54
104	660	4	11.46
110	3213	4	32.89
133	994	6	47.85
2076	3424	3	50.49
296	210	3	17.7
117	159	4	6.48
101	165	13	9.04
102	1606	5	18.63
759	106	3	8.13
112	130	8	9.94
506	101	4	3.92
1351	1705	3	41.81
102	132	50	88.1
9	346	3	6.48
102	281	15	34.08
110	2548	3	19.85
3920	1671	3	50.92
787	12	6	8.05
409	102	6	8.21
358	5384	3	42.98
17	255	3	15.56
1439	12	3	3.87
2468	107	9	82.45
1825	102	3	8.82
638	12	6	6.08
110	4420	3	25.89
1576	12	3	4.55
350	107	15	67.76
1234	105	3	10.71
133	2071	4	35.43
772	101	4	6.56
1328	108	8	49.57
2682	112	3	21.07
9	14	321	584.06
145	531	4	25.53
4945	103	3	20.14
114	2254	3	19.96
1514	224	4	40.57
101	417	5	5.38
107	274	8	21.66
102	1218	5	15.25
140	14	30	9.6
222	142	5	22.86
1070	126	4	26.3
106	2151	3	15.37
771	3640	4	61.81
222	341	3	18.85
617	102	4	5.19
107	696	5	17.99
106	545	6	20.62
110	1333	7	47.98
104	4934	3	22.41
12	253	11	5.48
105	667	6	22.1
319	103	57	389.41
615	116	3	12.05
175	161	11	67.77
105	817	3	8.22
1807	1153	4	58
104	409	3	4.7
553	105	9	37.45
104	512	3	5.68
142	179	3	9.2
389	144	3	15.43
109	265	3	4.44
1533	307	5	58.42
4259	307	4	56.95
608	120	3	13.16
1072	102	3	5.33
103	183	18	38.9
128	209	3	7.79
438	445	3	25.73
1272	12	4	6.33
102	841	5	11.02
115	118	8	5.69
166	980	8	78.99
2390	108	6	44.17
143	252	3	11.96
675	306	3	25.8
219	103	10	15.79
150	184	3	10.27
5023	14	3	12.8
445	562	3	27.16
1089	829	4	49.17
178	107	5	4.16
12	581	24	89.96
106	124	57	174.13
106	225	14	42.97
242	195	24	227.14
119	628	5	25.95
380	494	3	25.59
106	139	9	7.72
178	252	3	14.66
2319	287	7	98.24
371	14	30	89.79
3669	14	4	15.51
109	2655	4	28.34
16	57	6	39.44
112	617	5	23.16
102	741	4	6.29
4042	112	4	37.14
404	14	9	7.47
12	3926	3	11.45
109	351	4	10.1
263	759	3	25.18
1333	12	8	25.35
224	12	12	4.54
143	107	7	4.65
103	2940	3	15.18
560	120	4	19.08
103	3144	3	15.18
179	288	4	23.87
5675	12	3	17.97
171	213	3	12.86
128	163	6	19.25
171	148	12	70.81
103	134	23	32
413	584	3	27.12
2494	14	3	6.43
121	350	5	22.58
267	2036	7	91.82
2857	14	4	13.7
2612	1112	4	61.75
107	681	3	7.66
338	1765	4	46.71
472	119	20	154.5
109	1516	3	14.69
885	107	3	9.13
2712	104	4	24.85
1187	102	4	9.96
793	115	13	100.45
229	311	7	55.87
105	5041	3	22.45
461	162	3	17.92
105	256	12	36.59
1977	119	3	20.33
1106	14	4	4.46
342	108	5	11.95
102	2671	3	11.52
108	467	8	30.96
166	245	7	44.02
2058	14	3	5.23
591	12	8	11.19
102	486	8	17.12
591	172	7	59.29
211	109	14	50.33
221	520	3	21.36
127	329	12	79.13
102	232	9	8.03
453	12	10	13.64
257	120	4	12.57
848	12	6	9.11
3743	12	3	11.45
103	958	3	7
12	1768	3	4.96
1620	103	4	16.39
126	217	7	28.67
351	669	4	38.02
534	326	3	24.97
113	405	4	13.91
2639	409	5	70.1
102	1560	4	12.31
1768	1219	9	152.98
436	102	6	8.56
123	549	3	13.25
110	2082	5	36.83
3208	14	3	9.22
1555	247	4	41.69
1165	261	9	107.87
145	159	3	8.76
3021	108	3	18.3
190	154	5	23.34
164	115	4	6.17
105	456	3	5.19
104	738	3	7.46
228	131	7	33.14
1467	12	5	11.21
3571	12	4	16.53
268	14	10	3.89
102	165	32	69.89
1608	103	11	75.81
102	312	10	17.37
103	972	7	28.38
2990	108	3	18.3
1714	103	4	17.06
640	413	3	27.61
1857	101	6	27.1
1185	14	6	11.58
191	114	8	24.55
679	638	4	42.86
102	417	9	18.96
488	134	4	22.65
103	762	3	5.66
103	719	5	13.59
221	387	9	79.82
272	250	3	18.33
493	12	24	81.07
4872	104	4	35.85
144	131	3	5.18
243	104	22	89.27
292	113	36	273.92
113	131	6	5.75
1154	400	3	31.29
107	245	8	18.17
101	449	5	5.81
1442	103	4	15.22
194	204	4	20.59
103	1988	3	11.98
276	324	21	238.22
1115	106	3	10.59
154	1828	3	26.63
719	14	6	5.97
1866	125	4	31.73
293	529	3	24.18
424	142	4	23.27
424	341	7	68.73
102	1766	6	26.12
976	198	3	24.26
12	1562	3	4.19
102	1074	3	5.33
17	2158	3	30.2
152	1140	7	66.5
111	207	9	28.76
147	111	5	5.9
1668	14	4	7.92
142	213	4	16.24
560	105	5	14.83
379	464	3	25.21
1157	161	9	94.68
108	896	3	9.41
545	132	5	30.4
143	118	13	41.6
179	413	8	65.83
680	104	5	16.79
128	540	4	21.27
320	172	7	50.33
106	145	8	7.57
139	225	3	10.35
203	6809	3	42.88
1052	453	3	31.36
113	1096	3	14.42
1264	106	7	40.21
107	980	4	15.42
261	9	3	4.54
102	1986	3	9.38
103	1324	3	8.89
103	1257	3	8.57
159	112	15	53.82
770	14	5	4.3
854	102	6	15.76
1336	12	5	10.59
313	1043	3	28.71
3005	107	5	37.46
104	276	5	8.6
114	1398	3	16.4
125	390	3	11.81
143	282	3	13.21
141	772	4	27.52
908	12	4	3.9
1042	101	3	4.98
102	835	3	3.93
110	139	20	59.97
148	617	3	18.46
1036	134	3	19.77
1208	106	3	11.2
103	236	11	21.51
148	990	3	21.49
826	458	3	29.6
103	310	8	16.94
398	493	3	25.91
109	345	4	10.1
4738	12	3	13.58
109	195	7	14.67
2343	12	3	7.13
248	127	4	14.1
106	2650	4	25.58
118	128	7	9.07
227	103	6	5.45
106	348	6	15.92
12	134	32	12.1
106	499	9	37.22
104	1100	3	9.79
2917	14	3	8.09
108	1241	11	76.21
199	141	3	9.82
4255	1756	3	50.92
188	827	3	23
102	1172	5	14.71
103	670	23	142.16
544	102	6	10.66
1524	102	3	7.47
278	115	3	7.41
213	105	6	7.96
306	108	3	3.94
2150	108	4	23.7
200	14	15	5.49
166	274	3	15.13
823	106	3	8.69
282	114	3	7.06
834	1319	3	36.19
980	380	3	29.8
110	848	17	134.94
5012	12	3	13.58
182	142	4	14.47
102	329	9	14.84
101	1380	4	11.09
561	198	3	20.88
102	154	56	170.1
1465	111	6	41.25
102	211	25	59.67
608	926	3	31.96
471	102	7	12.76
1665	164	7	75.86
851	12	5	6.04
1221	113	7	49.23
759	117	5	27.53
830	102	3	3.93
102	1596	3	7.88
107	574	6	21.54
114	2485	3	20.71
101	232	9	7.75
101	284	6	4.52
106	2532	3	16.11
105	543	4	10
1456	12	3	3.87
1595	107	4	20.09
1347	5601	3	55.85
112	381	3	8.37
820	426	10	125.81
1775	813	3	38.15
5406	102	3	17.4
207	407	3	19.61
126	497	4	19.94
638	101	6	12
110	4421	3	25.89
109	773	6	28.97
180	543	3	19.85
860	105	4	13.48
363	9	3	6.81
116	197	11	43.84
104	966	3	9.04
891	105	5	19.5
105	240	4	3.88
754	102	5	10.1
106	630	3	7.17
815	145	4	28.92
101	239	8	5.81
107	392	9	33.39
169	120	3	4.73
102	1607	4	12.9
2856	12	3	8.82
174	155	7	35.58
374	103	5	8.15
164	210	4	18.74
1023	14	6	9.96
473	1956	5	66.72
4171	119	4	39.22
190	116	4	8.15
110	2547	6	51.79
1230	14	4	5.12
1367	112	9	71.43
503	106	3	6.04
108	169	23	78.48
2113	14	3	5.79
506	12	6	4.26
655	12	8	12.67
121	774	4	22.41
102	330	9	14.84
134	1472	3	22.11
108	606	4	11.94
179	379	10	85.36
132	207	4	13.63
109	570	4	13.51
1434	115	3	17.25
561	719	4	42.06
3184	112	5	44.32
110	321	9	37.45
938	305	3	28.1
305	103	6	9.57
205	134	3	9.2
1654	14	3	3.93
1084	199	4	36.02
214	769	3	23.44
642	507	5	53.47
446	763	3	28.86
114	209	31	188.35
104	259	6	10.63
312	107	5	10.5
2296	12	7	32.61
219	351	3	18.93
1597	113	6	44.48
12	3127	3	8.82
302	140	10	68.74
8	122	12	11.37
163	107	6	5.3
101	862	3	3.99
708	108	3	8.09
102	1864	3	8.82
814	14	6	7.16
1101	103	3	7.72
107	697	7	30.1
202	103	6	4.32
790	1253	7	97.83
151	605	6	46.34
110	1334	9	67.76
849	14	6	7.86
2428	5081	3	55.74
102	961	7	22.28
862	638	4	44.76
2546	14	4	12.29
490	119	3	11.07
454	14	7	4.47
1268	102	3	6.42
234	117	6	19.93
2820	2258	6	112.62
3411	113	3	23.46
108	926	3	9.63
102	2174	3	10
109	212	5	8.53
3678	1226	5	87.08
195	107	6	7.72
295	618	7	71.65
142	223	3	10.83
128	237	3	8.76
121	502	3	12.52
101	1730	3	8.2
216	225	3	15.08
3407	450	3	40.44
101	1678	4	13.38
628	8	3	9.08
131	663	3	16.27
102	2211	3	10
610	108	29	224.79
1684	5770	3	57.65
1837	14	3	4.75
8	17	8	18.75
133	2993	5	53.93
120	189	8	29.3
819	4571	3	47.91
112	1759	3	17.66
1403	143	14	169.49
255	248	3	17.45
101	911	4	7.81
325	117	3	8.72
103	1353	4	14.69
244	237	3	16.61
106	273	5	9.16
12	565	15	37.91
1028	102	3	5.09
106	190	16	47.16
380	493	8	85.52
797	113	6	33.74
101	716	4	5.94
2094	12	9	47.53
329	112	3	7.45
2165	112	6	49.8
1716	14	3	4.31
522	14	15	32.17
237	103	10	17.89
224	101	8	4.87
12	1174	7	17.38
157	138	7	27.87
230	200	7	47.22
614	160	3	19.53
121	248	5	17.85
121	298	6	27.29
102	691	5	9.29
459	230	3	21.04
246	187	3	14.62
246	113	3	5.35
212	684	3	22.63
108	266	15	59.03
2457	207	3	31.48
1492	12	3	4.19
111	1040	3	13.56
1429	112	3	16.29
453	101	5	5.96
392	517	3	26.07
128	999	3	17.92
848	101	3	3.99
103	959	5	16.66
107	548	5	15.66
353	57	3	21.78
110	2083	5	36.83
436	249	3	21.28
1332	294	6	69.87
682	12	5	4.33
5676	1484	3	56.68
113	463	6	27.03
2780	102	3	11.52
469	1741	3	34.96
114	865	5	27.47
101	508	11	30.89
1094	5444	3	54.17
188	631	3	21.31
314	14	13	12.58
232	204	3	15.25
102	434	6	8.56
111	634	3	10.55
939	14	7	12.57
101	1171	4	9.79
231	290	7	55.17
287	14	14	13.49
103	787	7	25.11
102	2672	5	25.98
513	1228	5	60.86
116	181	6	15.53
12	250	11	5
12	104	122	6.51
364	941	3	29.34
760	102	4	6.5
1602	107	3	13.15
193	547	3	20.49
118	244	4	10.62
5196	439	3	44.14
118	170	8	24.24
111	1541	3	16.27
663	101	5	8.85
885	105	11	62.64
163	215	7	40.93
135	238	3	10.27
2741	1376	5	83.2
107	4430	3	22.99
514	101	4	4.04
229	105	7	12.22
812	224	3	23.97
175	261	20	179.37
109	238	10	32.39
1104	364	4	43.19
114	7330	3	32.11
110	493	6	25.38
2590	12	3	7.9
148	1021	3	21.76
3019	104	4	26.36
103	597	4	8.01
110	160	8	16.42
320	113	13	69.94
121	239	3	7.56
237	108	8	18.37
2363	14	3	6.43
1325	497	3	33.17
1359	631	3	34.87
2087	14	4	10.16
1575	3280	3	48.83
1205	14	4	4.78
2120	14	4	10.16
114	169	5	9.44
101	2446	8	51.66
150	135	4	10.71
106	129	20	31.71
1444	351	3	31.86
2483	102	3	10.7
3795	12	3	11.45
152	109	6	7.01
2	234	4	6.38
136	209	5	20.35
113	570	3	10.53
2286	12	3	7.13
353	7	3	17.26
245	398	4	30.1
107	438	7	23.69
117	219	3	5.59
5214	14	3	12.8
392	464	3	25.42
102	222	13	17.01
102	121	24	5.83
1266	101	3	6.3
111	898	3	12.58
977	103	6	22.3
550	14	9	11.43
2767	125	7	76.2
158	2722	4	43.04
136	1170	3	20.71
110	2287	3	18.99
186	311	3	16.76
196	451	6	47.91
102	433	5	5.69
304	106	10	33.68
1113	101	3	5.46
939	9	3	11.99
211	103	87	548.25
1738	119	4	28.24
107	229	16	55.06
3629	14	3	9.22
105	262	6	11.01
109	1887	5	33.02
6409	104	3	26.89
2426	115	3	21.18
3190	12	5	21.79
12	772	6	8.05
1027	237	4	37.48
5438	3963	3	60.47
166	3711	3	34.26
107	200	27	113.44
396	14	9	7.25
114	975	3	13.97
385	105	3	4.39
207	471	4	29.46
12	3270	3	9.96
363	14	18	33.59
1334	9	4	21.68
343	859	4	40.04
745	105	26	202.92
144	103	35	89.73
236	106	10	26.04
102	2674	3	11.52
165	124	7	22.65
101	1185	5	14.49
191	145	5	22.1
102	523	13	42.27
439	115	3	9.96
1107	117	3	15.94
668	365	3	27.04
107	1145	6	30.81
121	716	5	29.4
510	357	6	59.46
113	1186	4	22.48
102	3004	4	19.72
108	163	7	8.24
113	553	4	16.12
119	201	4	9.12
1127	224	20	284.48
249	101	8	6.49
1510	116	7	56.15
136	163	4	11.84
670	924	4	45.86
101	3115	3	12.36
887	110	5	25.03
1002	102	3	4.87
117	12	93	71.94
107	379	3	4.83
101	248	7	4.38
101	298	6	5.02
239	127	3	8.65
105	1065	3	9.83
101	2399	3	10.57
8	486	8	36.19
101	808	4	6.79
844	103	4	10.38
124	233	7	29.27
109	4143	3	22.82
106	114	38	57.25
103	1137	4	12.93
1477	398	4	46.94
101	2089	3	9.87
2	3254	3	21.3
1495	106	3	12.67
210	105	8	14.16
148	601	5	36.13
103	550	3	4.18
143	149	6	22.91
131	854	4	26.19
179	392	8	64.92
167	2	7	12.23
694	102	4	5.89
1550	12	3	4.19
1415	102	3	7.09
153	113	5	7.51
289	109	6	17.52
102	4234	3	15.22
697	413	3	28.14
102	894	10	38.13
624	398	3	27.22
383	224	3	19.7
118	217	17	88.23
101	929	5	11.86
107	785	3	8.34
2241	153	3	27.88
118	144	4	4.88
127	1832	4	32.47
101	1012	3	4.98
1789	106	6	38.37
2152	14	5	15.37
105	602	5	15.78
403	183	3	18.3
154	1657	4	36.77
21	2	3	13.57
2266	104	6	40.41
2553	12	5	19.68
515	103	3	3.86
121	331	3	10.21
357	106	34	222.22
536	101	4	4.31
1508	112	5	33.68
12	1205	4	5.59
108	689	14	83.03
125	456	3	12.67
201	156	3	11.77
1476	12	6	16.68
114	343	4	13.11
109	1292	4	20.5
261	14	17	16.75
178	119	12	47.57
1963	14	6	19.8
193	217	4	21.01
501	101	4	3.92
106	159	11	19.55
1137	785	4	49.01
103	1188	3	8.27
281	722	3	25.55
118	141	7	13.86
119	2184	3	21
780	985	3	33.91
12	193	14	4.88
1459	101	4	11.6
6972	14	3	17.18
104	595	5	15.47
1616	102	4	12.9
104	527	3	5.8
135	131	4	7.23
104	444	6	17.41
5348	841	4	70.02
4097	104	3	20.2
965	125	3	16.99
266	4	9	88.72
987	14	7	13.12
283	3136	3	36.33
1249	1772	3	41.08
116	213	14	65.65
126	362	3	11.5
945	101	3	4.55
141	403	4	22.48
103	673	4	8.76
12	1973	4	10.26
103	807	3	6
137	158	94	934.28
107	1600	8	54.28
9	111	85	295.21
3868	2	3	22.88
288	110	4	9.61
703	2	5	21.33
4683	12	3	13.58
1890	200	4	41.82
1661	14	4	7.34
183	106	7	9.37
328	101	12	25.52
2926	627	6	96.19
3548	119	3	24.87
564	14	6	4.15
119	258	11	53.34
2314	101	3	10.57
119	206	3	5.44
430	105	5	12.67
617	366	3	26.55
1402	14	6	14.37
164	137	3	7.43
105	478	4	9.21
136	118	35	167.29
662	125	4	22.03
117	124	11	18.92
931	140	3	19.8
283	3653	3	37.57
103	1009	6	23.39
112	145	5	6.31
1822	1226	12	228.51
102	147	24	30.09
310	12	13	15.09
126	229	4	12.76
17	17	3	13.36
531	215	11	108.92
4181	119	4	39.22
905	106	7	34.14
101	1546	4	12.14
489	108	4	10.37
2617	14	4	12.29
170	184	3	11.56
170	118	7	19.47
102	299	13	27.84
107	1330	3	11.56
1172	112	4	22.28
696	364	4	39.02
103	1078	5	18
204	1277	3	26.68
629	341	3	26.14
111	2366	3	19.76
126	276	6	27.68
866	12	5	6.04
498	104	19	107.64
2006	145	3	26.42
1216	107	15	117.99
277	12	17	23.78
119	162	7	18.45
1947	12	3	5.9
208	218	3	14.67
4706	3235	4	85.66
107	413	7	23.18
175	2320	3	29.94
4334	14	3	10.69
139	692	5	35.09
524	568	3	28.06
140	128	4	7.12
335	118	5	19.82
177	121	15	72.96
612	14	9	12.94
602	533	6	66.26
1314	101	3	6.3
669	3621	3	42.73
114	984	10	74.65
109	1892	3	16.16
713	484	3	28.98
6035	6301	3	71.7
102	418	12	31.97
102	350	5	4.23
405	203	3	19.46
158	106	8	10.05
103	822	3	6.18
1668	9	3	16.13
109	233	7	17.74
125	114	9	11.32
200	764	3	22.92
103	214	22	65.63
295	4465	3	41.77
113	3394	3	23.46
1877	567	3	36.59
102	860	7	20.6
567	102	9	23.65
3910	12	4	19.07
1677	12	8	31.13
12	120	68	40.04
104	2781	3	16.41
106	406	6	17.79
672	102	5	9.04
302	306	5	40.56
129	394	3	12.93
156	231	7	41.57
102	3551	3	13.68
130	751	3	16.6
864	125	6	41.49
1606	112	4	25.49
2389	103	6	37.86
511	749	20	296.77
1397	102	3	6.74
1779	12	3	5.4
152	181	4	15.91
427	12	16	34.15
1132	300	5	54.2
103	401	15	58.79
305	131	4	18.03
333	109	3	5.74
121	232	3	7.46
102	675	7	17.04
3434	112	4	34.52
944	14	7	12.57
115	150	4	5.19
294	14	12	9.52
102	2450	4	17.02
143	177	3	9.19
3703	117	3	24.73
133	1596	3	22.85
147	187	3	10.05
111	156	11	30.39
821	12	7	12.15
109	220	5	8.85
861	371	6	66.57
2154	14	3	5.79
1707	112	5	35.43
1148	4582	3	50.29
106	574	3	6.76
106	470	8	30.09
548	110	4	14.38
672	107	3	7.5
255	120	4	12.42
106	216	10	23.47
380	363	3	23.89
101	839	6	15.09
178	330	11	91.95
134	611	3	16.49
113	1042	6	37.29
172	14	34	37.8
340	108	3	4.46
2045	105	3	14.22
104	188	18	54.13
8	571	3	8.65
129	204	3	8.1
2066	116	6	50.71
423	103	5	9.17
872	125	3	16.29
2031	14	3	5.23
444	715	4	40.32
16	2	16	51.27
556	12	7	7.43
432	127	5	26.58
108	271	9	26.63
108	345	3	4.61
223	2048	3	30.56
126	140	33	186.35
268	101	8	8.35
489	105	3	5.5
103	970	4	11.53
102	1428	3	7.09
1704	14	3	4.31
2641	119	4	33.16
169	148	6	26.91
12	1048	17	76.1
117	128	8	11.87
105	530	3	5.83
164	117	7	18.42
190	209	3	13.7
2106	12	4	11.12
4278	113	3	25.04
874	12	12	36.35
156	628	4	28.27
183	147	7	34.58
119	425	4	16.1
242	1077	3	26.61
114	2211	3	19.96
1095	1003	3	36.09
2743	14	4	12.29
102	1173	3	5.84
12	690	20	73.6
4044	112	3	24.89
2625	14	4	12.29
6082	14	3	17.18
1041	101	5	13.07
516	108	4	10.69
1052	3250	3	45.85
127	2738	3	25.22
102	2719	3	11.52
909	12	6	9.91
888	102	3	4.28
103	668	7	22.93
5142	1079	3	49.67
4125	102	3	15.22
4557	12	3	13.58
321	12	11	10.38
196	351	3	18.15
102	402	14	40.69
412	280	10	101.07
191	127	6	21.94
101	1127	4	9.41
127	540	3	14.08
435	14	12	16.47
116	151	8	20.49
109	703	8	42.04
378	210	3	19.18
2644	14	3	7.19
1808	3287	5	92.68
390	6935	3	47.98
688	108	8	37.01
108	1191	5	24.11
925	102	3	4.47
364	583	3	26.39
406	260	3	21.53
2503	113	3	20.35
102	1273	8	34.05
117	111	10	6.77
133	1074	8	70.96
106	604	3	7.03
102	1594	6	24.99
124	606	4	20.89
102	1423	3	7.09
104	708	5	17.08
113	368	5	18.74
284	249	3	18.68
569	14	6	4.15
218	524	4	30.76
4049	112	4	37.14
1656	105	3	12.63
540	171	6	47.49
1669	14	3	4.31
141	213	3	10.28
971	103	6	22.3
481	1275	3	32.91
123	1335	4	27.9
439	104	3	4.97
367	115	8	39.72
103	923	11	55.33
290	3081	3	36.55
1	2	11	66.83
102	209	24	54.36
166	1104	6	56.97
166	901	5	42.95
4873	104	3	22.41
109	597	4	13.89
494	12	18	48.29
1042	14	4	3.89
121	193	7	25.09
641	9	3	9.67
1343	8	3	13.92
107	1670	4	20.77
103	568	6	15.97
106	1367	3	11.88
12	1293	8	24.23
12	382	8	6.15
106	303	13	50.37
904	1112	3	35.88
103	1123	3	7.98
254	803	3	25.15
120	498	5	25.22
141	2044	4	36.88
737	686	3	31.13
725	234	7	68.26
486	110	3	8.5
1486	138	3	22.7
785	12	7	11.29
114	383	3	8.83
180	1762	3	27.64
107	648	11	56.28
140	631	4	25.65
1018	306	6	66.71
106	346	3	4.34
1817	283	5	60.31
1117	119	5	32.36
2784	847	3	41.82
109	3702	3	21.25
434	2697	4	53.69
608	167	4	29.12
559	2145	3	37.72
251	568	5	43.47
369	1180	3	30.78
645	107	3	7.35
135	1459	3	22.15
761	412	3	28.41
132	456	3	14.2
2357	104	3	15.57
361	12	14	22.18
934	120	3	15.62
107	900	5	20.77
152	267	3	13.8
124	220	8	34
102	2059	4	15.08
1601	235	5	55.1
169	685	3	20.74
139	217	6	28.34
12	508	18	49.17
106	292	7	18.24
114	329	6	23.73
441	246	3	21.23
105	919	3	8.85
3250	3237	3	55.06
242	221	3	15.91
312	109	12	53.15
1771	102	4	13.55
108	809	11	62.86
575	500	3	27.94
108	608	4	11.94
132	156	10	43.54
1758	12	5	13.46
12	6008	3	17.97
102	704	11	38.52
121	150	3	4.07
1625	101	3	7.75
157	119	6	13.88
103	366	6	11.66
3993	108	3	21.09
339	494	3	24.83
1477	326	3	31.84
101	1633	3	7.75
394	184	4	26.67
133	1455	4	31.88
148	1001	3	21.49
1430	112	7	51.92
12	1530	3	4.19
454	101	6	8.91
8	3754	3	22.86
197	135	121	1430.53
195	109	4	4.74
1545	102	3	7.47
215	14	18	11.71
118	204	4	9.11
1424	103	4	15.22
101	999	4	8.4
2419	1499	3	45.23
3464	14	4	15.51
105	242	9	20.63
136	350	6	35.19
295	5714	3	46.26
123	138	28	137.34
107	339	5	11.37
415	115	7	34.55
2299	111	3	19.76
140	12	25	6.73
267	110	8	28.07
12	1935	4	10.26
102	588	13	45.66
9	12	201	239.81
638	14	8	10.24
1682	14	3	4.31
116	134	14	40.39
110	4419	3	25.89
3098	103	3	15.18
510	105	26	171.13
109	822	3	10.61
363	8	3	6.4
102	2821	3	11.52
745	357	6	64.19
787	14	5	4.3
1942	600	4	53.08
1439	14	4	6.33
369	1897	3	34.18
161	118	4	6.59
221	102	8	4.93
439	120	4	17.4
2366	164	5	55.63
418	126	14	102.83
127	237	9	45.17
170	264	3	14.93
12	1014	5	7.72
106	680	4	12.35
547	113	6	28.85
2020	1228	4	59.32
731	280	5	48.43
107	390	3	4.91
758	14	5	4.07
2724	14	4	12.29
374	105	3	4.24
208	186	3	13.29
113	355	6	24.09
110	3212	3	22.09
2582	14	3	7.19
1023	101	4	8.72
105	496	3	5.61
1188	103	4	13.33
2222	1321	3	43.26
425	14	14	23.1
203	103	6	4.37
101	252	9	9.16
107	375	10	38.23
3785	5794	3	64.97
803	977	5	62.34
973	726	4	46.69
110	2085	5	36.83
554	104	3	6.03
968	102	4	8.26
2191	12	4	11.12
2	122	19	31.46
104	666	7	27.94
12	2345	3	7.13
17	107	5	5.08
2650	109	5	38.67
3998	162	3	33.91
300	12	12	11.7
1288	12	5	10.02
108	264	11	36.14
126	145	26	142.28
290	102	6	5
866	111	3	12.36
116	437	7	35.54
102	235	14	22.34
453	14	8	6.57
1373	14	6	13.59
102	184	16	19.53
121	755	3	14.83
102	118	29	5.79
103	1096	3	7.72
848	14	6	7.86
327	106	31	187.55
678	108	6	24.07
367	210	4	27.81
4031	103	3	17.94
466	105	3	5.29
102	6489	3	21.84
412	108	3	5.42
1709	116	3	18.94
110	1008	8	51.5
176	134	6	23.77
287	101	7	7.01
131	207	6	25.08
342	107	3	4.29
4739	426	3	44.03
1770	104	3	13.07
2058	12	3	5.9
116	183	3	4.26
126	397	10	64.72
154	374	4	23.97
114	1074	3	14.76
3344	12	6	35.95
1293	107	3	11.56
1070	140	3	20.86
1106	12	5	8.55
102	1128	6	19.36
194	201	4	20.54
1154	600	3	33.64
123	179	32	210.73
109	5397	3	25.04
110	1776	5	34.42
260	229	8	61.69
103	2121	3	12.62
135	105	23	46.78
248	306	8	67.55
1077	1342	3	38.33
12	313	8	3.88
424	145	5	32.35
124	386	5	24.02
102	1635	4	12.9
325	115	6	24.62
102	1815	5	20.48
124	597	4	20.69
691	1764	6	85.06
107	800	3	8.52
103	196	10	13.66
148	967	6	51.61
526	102	5	7.14
128	239	8	38.56
654	246	3	23.44
366	107	4	8.16
989	14	5	6.31
1440	101	3	6.97
102	2161	5	22.81
322	510	32	457.81
2340	14	3	6.43
129	1401	3	20.51
109	352	10	43.14
1702	167	8	92.55
115	281	3	7.41
179	364	8	63.79
224	14	18	12.84
1333	14	4	5.89
196	2421	3	31
428	582	4	38.79
2202	14	4	10.16
1971	105	3	14.22
509	103	5	10.76
143	165	3	8.57
404	12	9	9.13
355	5234	3	42.88
525	653	3	28.85
459	228	7	61.45
123	939	3	16.56
365	452	8	83.53
101	718	4	5.94
102	1966	4	15.08
203	758	3	23.01
8	598	3	8.93
270	105	4	5.19
1737	103	10	68.1
150	132	3	5.89
1226	108	3	11.52
1069	125	6	44.77
108	2045	3	15.05
199	1066	5	47.55
1266	14	7	17.33
107	1132	3	10.62
500	753	3	29.49
550	101	4	4.44
217	130	6	24.83
102	2991	7	50.97
429	102	8	15.39
180	142	5	20.18
317	131	5	25.03
104	2030	4	21.59
109	1076	5	25.88
114	675	6	32.08
104	752	5	17.69
671	107	3	7.5
239	114	3	5.46
101	150	15	9.66
107	364	4	8.16
124	636	3	14.07
107	440	3	5.45
1267	1790	3	41.98
106	844	4	13.84
103	1799	6	32.79
1193	125	7	56.4
296	105	5	9.39
1256	108	4	17.78
824	101	4	7.03
737	2692	3	41.01
127	1279	4	28.71
897	119	11	85.34
406	186	3	18.52
1387	587	5	63.65
104	2201	3	14.83
391	363	3	24.1
724	102	4	6.09
173	129	3	6.69
600	12	6	5.85
119	365	3	9.61
705	12	7	10.14
1145	445	3	31.86
546	102	8	18.44
109	611	3	8.9
336	2817	3	36.43
121	864	3	15.65
2329	106	3	16.11
230	2832	5	62.49
166	817	7	63.77
122	759	3	15
103	195	35	129.81
103	345	8	18.81
147	12	39	41.1
720	1827	3	37.91
103	1461	3	9.6
103	1409	3	9.6
12	102	349	65
601	109	3	8.9
255	107	4	4.96
105	828	5	18.76
812	125	14	123.29
120	128	17	52.89
114	418	5	20.49
173	632	3	20.36
184	368	4	26.13
103	4159	3	17.94
1320	106	3	11.53
158	1713	5	50.37
106	127	20	28.96
2214	102	4	15.98
881	12	7	13.09
101	653	4	5.38
118	349	4	14.46
3414	104	5	39.43
868	102	4	7.43
106	1603	5	27.67
128	502	3	13.81
1594	104	12	96.16
2007	1133	3	41.58
108	717	3	8.09
756	116	6	35.16
2825	108	3	17.29
469	2	3	7.56
3217	12	3	9.96
185	107	5	4.36
2263	110	3	18.24
3987	198	4	51.79
102	3189	5	28.14
209	593	4	31.31
219	107	18	63.27
129	124	11	29.26
1933	12	3	5.9
101	806	8	24.28
462	14	8	6.57
118	575	3	11.94
178	103	8	6.64
750	1230	3	35.22
114	3063	3	22.59
124	235	4	12.48
1147	101	3	5.72
118	219	3	5.65
584	14	13	27.2
101	927	3	4.36
12	148	19	3.87
1649	14	3	3.93
106	481	4	9.81
595	105	4	10.71
108	1630	3	13.45
319	107	5	10.61
104	397	3	4.52
410	192	3	19.02
2	1805	6	42.62
108	863	3	9.2
179	339	14	126.37
142	183	6	26.43
141	2175	4	37.84
549	14	11	17.87
147	146	9	42.2
419	203	4	28.61
1678	14	3	4.31
383	125	6	31.76
976	103	4	11.53
103	179	7	4.7
12	5231	3	13.58
180	548	4	29.04
1279	125	4	27.97
116	135	5	5.75
131	14	40	14.11
350	103	4	4.7
102	2752	3	11.52
360	529	6	59.94
12	2044	3	5.9
106	1709	3	13.6
535	339	4	36.09
102	386	9	17.52
123	196	13	64.03
110	1778	3	16.99
177	149	5	21.81
140	241	3	11.1
107	336	4	7.43
102	1289	6	21.41
103	3293	3	16.39
149	193	4	16.64
109	1936	3	16.75
479	106	5	14.35
1245	125	8	68.19
1833	103	3	11.41
4366	103	3	17.94
643	249	3	23.61
249	14	22	27.64
5652	803	3	52.19
105	422	6	17.06
117	244	3	6.36
2985	104	7	62.75
475	110	4	13.36
134	269	7	38.71
101	250	10	11.33
275	2	5	12.32
648	200	10	100.02
2624	12	3	7.9
291	120	5	20.02
749	12	5	4.99
112	142	9	18.56
103	879	3	6.57
217	113	51	370.25
196	115	13	54.81
108	3109	3	18.3
102	343	15	40.75
484	247	7	63.76
126	306	3	10.42
384	1999	3	34.99
540	112	3	10.12
1952	14	3	5.23
4862	14	3	12.8
102	3006	7	50.97
1778	12	3	5.4
3771	12	3	11.45
857	2064	3	39.74
119	458	9	52.36
328	14	23	47.99
104	952	3	9.04
617	287	3	24.91
108	1246	3	11.52
199	279	3	16.86
564	101	6	10.92
1607	112	4	25.49
456	106	4	9.52
1293	135	3	21.38
12	3341	3	9.96
2	1341	3	13.94
1948	295	4	47.32
2715	4238	4	77.2
1363	102	4	11.26
165	170	4	16.59
278	120	5	19.42
102	520	4	4.31
101	1190	3	5.72
706	102	5	9.55
1283	104	3	11.01
2269	827	3	40.19
856	113	12	89.04
102	266	6	3.98
597	102	5	8.12
1158	14	4	4.78
126	188	17	94.93
409	287	3	22.69
180	245	3	14.4
108	116	21	18.78
1274	108	6	32.89
3373	14	4	15.51
208	14	17	9.03
136	116	8	15.21
105	480	4	9.21
231	1229	4	38.96
8	2283	3	18.19
12	1106	4	5.26
134	214	3	9.4
118	1036	3	15.45
2084	12	3	6.48
1976	107	3	14.75
270	133	3	11.46
205	148	3	11.07
101	805	4	6.79
103	1261	3	8.89
103	1110	3	7.98
501	14	9	10.11
139	128	3	3.87
641	14	16	43.52
200	2338	4	44.73
5119	14	3	12.8
515	105	4	9.67
237	133	5	21.76
234	102	11	13.23
752	2	4	15.73
12	5939	3	17.97
109	198	20	83.13
104	1150	3	10.36
351	521	3	25.28
256	106	17	66.5
102	975	3	4.67
338	1101	6	68.53
1658	954	13	230.74
4364	14	3	10.69
103	249	22	75.12
101	983	4	8.4
102	1742	3	8.33
930	174	4	32.79
227	106	15	49.28
148	1747	3	25.5
3579	14	3	9.22
105	731	4	12.18
113	626	4	17.11
106	579	3	6.76
1054	110	3	13.09
12	122	71	56.36
3235	12	3	9.96
204	721	8	77.58
118	124	36	141.76
101	1032	3	4.98
118	225	11	48.1
12	2912	4	14.71
6220	105	3	26.93
162	167	4	16.15
665	108	8	36.51
262	121	7	31.1
316	106	15	63.9
110	363	12	61.29
103	212	31	114.02
101	1664	3	7.75
165	770	3	21.27
1631	104	4	19.33
103	399	6	12.56
171	385	4	25.65
1142	12	6	12.36
680	109	6	27.42
175	6202	3	41.39
944	101	3	4.55
594	14	7	6.88
109	487	4	12.48
143	121	10	31.53
212	236	5	31.05
119	667	5	26.52
129	219	5	18.85
563	14	9	11.79
12	2658	4	13.29
670	533	5	53.99
3508	105	4	28.31
355	785	3	27.69
1111	12	7	16.65
1271	110	4	21.61
178	138	5	18.42
118	374	3	9.55
199	484	3	20.25
1742	12	3	4.96
662	140	7	54.14
4482	104	4	35.85
102	1365	5	16.45
102	1441	3	7.09
239	159	4	19.82
1575	106	3	13.12
123	492	4	19.27
637	106	3	7.17
3025	125	3	25.68
196	210	3	13.98
102	169	15	14.62
170	116	3	3.86
102	251	52	235.08
103	1080	7	30.41
196	5119	4	56.63
17	120	3	5.76
1563	12	8	29.43
103	4363	3	17.94
108	450	5	14.31
108	383	8	28
141	567	11	93.09
350	195	8	64.71
399	12	8	6.72
103	2499	3	13.35
5458	480	3	49.12
108	2739	4	26.03
1507	112	3	16.71
356	106	3	4.41
165	144	9	45.41
240	380	7	60.03
107	240	12	35.94
630	103	3	4.78
12	728	5	4.76
400	600	3	27.06
1314	14	4	5.49
3672	1370	3	47.54
1559	107	5	26.9
105	261	5	7.57
600	101	7	15.68
1408	106	3	12.27
3436	112	5	47.28
102	1190	4	9.96
630	180	4	30.08
107	230	4	4.09
101	1278	3	6.3
102	430	5	5.69
3361	2332	3	51.92
1412	12	8	26.58
103	850	4	10.65
342	105	3	3.87
166	240	19	159.82
473	1044	3	31.2
144	317	3	14.09
116	220	6	18.49
282	144	3	13.41
1082	14	5	7.06
1148	5986	3	54.79
154	188	7	37.4
1269	108	3	11.85
1800	101	3	8.7
464	17	3	19.79
373	235	3	20
1691	6000	3	57.65
2366	316	3	35.13
166	2850	3	31.43
2676	107	4	25.62
2506	6328	3	60.24
2406	102	3	10.7
103	1106	4	12.93
103	1030	3	7.46
550	12	8	10.21
3130	113	3	22.23
2387	12	3	7.13
524	117	3	11.32
583	12	23	85.05
226	115	78	700.08
214	241	4	23.23
190	193	3	13.13
119	290	5	18.47
119	231	4	10.31
2286	14	5	16.75
1345	150	3	24
274	413	4	32.32
106	128	17	20.85
103	1207	3	8.57
1584	14	3	3.93
529	14	9	10.75
107	1050	7	36.9
118	348	4	14.46
371	8	4	10.6
903	162	3	22.09
986	102	3	4.87
209	477	9	82.5
237	107	6	10.26
622	131	3	15.94
351	104	3	3.91
559	705	3	29.66
203	5401	3	38.38
3893	1493	4	70.89
1376	3399	3	47.54
212	117	6	18.27
660	268	3	24.77
121	163	8	26.7
2834	14	3	7.19
326	517	7	70.84
413	571	3	26.97
1466	14	9	30.45
171	208	5	26.19
128	299	3	10.84
1859	14	4	8.58
157	535	3	18.67
102	983	7	22.9
165	645	3	20.17
104	1318	4	17.1
195	147	3	10.53
247	190	3	15.01
408	109	3	6.9
316	117	3	8.49
596	3416	3	42.07
262	102	10	13.23
153	127	4	8.96
104	500	4	9.47
1995	102	3	9.38
120	127	9	17.34
108	1730	3	13.93
12	249	11	5
103	1410	8	43.72
1536	125	3	20.27
2	2331	4	27.15
101	975	5	12.24
188	112	4	6.71
1143	103	14	88.39
227	117	3	5.96
118	145	5	8.26
1138	110	5	27.78
134	1032	3	19.77
2152	12	4	11.12
595	104	3	6.42
308	304	3	21.29
108	4202	3	21.09
256	117	5	16.21
128	264	6	27.91
103	223	35	142.84
861	506	3	30.33
539	130	4	21.89
3786	14	3	10.69
807	14	5	4.54
108	997	11	69.07
1182	118	3	16.33
794	105	6	24.38
109	151	11	23.58
532	119	3	11.45
106	4054	3	20.75
109	208	7	15.72
143	148	3	7.32
115	121	7	5.96
179	391	6	44.97
132	263	4	16.32
2563	3238	3	52.79
121	209	3	6.61
286	162	12	94.67
210	102	11	10.69
103	551	8	25.48
3558	113	3	23.46
3226	110	3	22.09
844	104	5	18.7
106	111	81	207.65
334	107	4	7.43
103	1140	14	88.39
442	104	28	178.55
108	2022	3	15.05
150	222	3	11.77
223	186	3	13.79
156	580	6	46.65
670	568	3	29.44
312	103	18	66.97
117	303	7	30.74
296	215	3	17.83
117	171	3	3.95
117	14	132	146.84
107	380	6	17.06
381	101	5	4.75
101	169	17	19.16
8	942	3	11.54
569	111	3	9.97
208	227	4	22.43
109	973	7	39.53
180	126	6	19.88
629	12	14	36.34
1285	821	5	66.46
592	750	4	43.19
112	141	9	17.89
109	2178	6	45.66
655	9	4	15.37
505	916	3	30.8
3007	14	3	8.09
127	169	3	6.14
102	342	15	40.75
535	391	4	37.4
898	105	5	19.5
103	728	6	18.83
2798	235	5	62.76
112	2880	4	32.61
363	12	29	91.52
225	2	16	64.1
109	761	3	10.04
1647	180	3	27.14
396	12	7	4.45
183	115	5	10.9
763	12	5	4.99
5114	198	3	38.08
385	102	21	77.35
456	117	4	16.37
492	110	3	8.62
104	2189	3	14.83
110	1779	3	16.99
101	420	5	5.38
101	503	5	6.6
152	972	7	63.59
186	534	4	29.05
1764	12	3	4.96
207	192	7	44.1
1924	2590	7	134.98
1753	102	3	8.33
1298	421	5	59.61
105	1315	3	11.05
116	2805	3	22.36
6464	112	3	31.6
101	1392	4	11.09
1931	105	7	48.51
310	14	17	23.92
2613	819	4	58.94
117	292	3	8.13
568	103	3	4.29
830	106	3	8.69
104	698	3	7.3
106	2392	3	16.11
141	1529	3	23.47
1402	12	5	11.21
103	3160	3	15.18
109	2058	3	16.75
341	104	5	10.52
2072	214	6	71.2
123	254	4	13.21
387	151	4	23.88
101	550	4	4.44
102	1236	6	20.68
335	132	6	33.18
102	1279	3	6.42
106	1627	3	13.12
1061	14	5	7.06
1524	106	3	12.67
240	364	5	38.92
717	134	4	25.5
827	101	6	15.09
781	147	3	19.78
225	113	23	126.01
1538	345	3	32.29
109	637	4	14.29
107	3713	3	20.78
1521	12	4	7.7
200	160	3	12.01
873	113	6	34.65
105	1568	3	12.63
422	164	6	43.81
141	404	4	22.48
216	158	28	247.14
111	304	3	6.69
987	12	4	4.39
413	549	3	26.67
117	1642	3	18.56
128	271	3	10.09
483	141	3	16.15
109	134	22	59.51
656	14	7	8.04
1444	3082	4	65.74
209	219	4	21.85
154	1857	3	26.63
1743	14	5	12.26
443	640	3	27.84
133	248	3	10.41
381	682	4	39.05
261	12	19	25.9
233	140	3	10.9
117	680	3	12.81
139	200	4	15.19
103	1109	8	38.16
280	102	6	4.6
631	104	20	127.24
1632	125	7	62.86
1033	101	4	8.72
3016	101	3	12.36
552	150	5	35.57
1476	14	4	6.81
3159	418	3	38.85
114	344	5	18.55
198	186	3	12.96
1701	108	7	47.01
1177	101	3	5.72
728	14	7	9.05
1223	103	8	40.14
2561	114	3	21.57
167	57	3	15.62
109	451	3	7.3
983	103	6	22.83
429	851	4	41.82
1343	12	4	6.75
111	560	11	65.75
3532	2809	3	52.79
103	419	4	5.84
1354	117	3	17.29
307	102	10	17.14
212	164	4	18.8
465	449	4	37.24
157	252	5	27.74
717	1046	7	92.59
121	118	18	45.26
127	778	4	24.01
1523	108	3	13
1469	116	3	17.57
1779	14	5	13.16
127	1972	3	22.92
124	151	10	35.76
427	14	14	23.1
365	400	8	81.61
1905	12	3	5.9
119	816	3	13.87
219	133	3	9.4
397	126	4	18.25
2332	426	6	85.95
135	234	4	15.83
213	2107	3	30.9
2079	111	3	18.34
105	846	3	8.22
12	121	203	539.67
12	296	10	7.15
12	222	24	31.59
101	956	4	8.1
472	108	4	10.07
886	112	6	34.83
107	817	3	8.72
7145	108	3	27.78
1642	171	5	50.46
2147	101	3	9.87
4884	103	3	20.14
111	263	7	23.7
157	506	4	26.74
2422	14	4	11.14
379	572	5	49.58
3254	1	3	43.27
2284	12	3	7.13
212	414	3	19.85
102	353	31	137.72
213	3125	3	33.55
2334	14	4	11.14
103	2617	3	14.19
144	135	9	35.57
213	153	4	17.98
399	101	6	7.82
105	141	12	14.53
727	101	4	6.14
2369	14	4	11.14
243	108	4	4.75
104	936	3	8.81
2085	14	4	10.16
12	2525	3	7.13
154	1328	3	23.92
1613	12	3	4.55
530	140	4	24.25
101	521	5	6.95
177	120	5	12.91
612	12	8	11.54
151	131	11	48.16
107	410	8	28.34
102	1366	5	16.45
118	937	3	14.69
106	712	5	17.94
673	147	6	46.55
481	554	3	27.39
498	103	6	14.69
105	596	4	10.71
277	14	11	6.21
136	132	8	24.43
388	1467	5	60.1
616	103	3	4.66
104	801	4	12.88
2394	112	6	51.79
1947	14	3	5.23
4614	2930	4	83.73
128	2148	3	23.72
866	303	3	27.3
1130	125	7	55.57
3189	105	3	17.46
12	3430	3	9.96
914	878	3	34.27
102	168	10	4.55
1714	107	4	20.77
291	149	3	14.49
367	138	5	28.26
119	602	19	156.58
1551	110	3	15.51
114	232	4	9.14
106	217	6	8.9
585	101	4	4.89
667	985	3	32.97
106	319	13	51.44
4519	4706	3	62.7
128	434	3	12.98
4918	14	3	12.8
459	242	4	30.87
157	267	4	21.47
109	473	6	23.01
154	811	3	20.67
423	102	5	5.55
247	406	4	30.32
5213	3520	3	58.88
1668	12	4	8.84
2413	102	5	24.25
195	280	3	16.66
103	254	7	9.58
148	1040	3	21.76
12	1559	5	11.89
128	116	15	37.89
1087	14	4	4.16
948	108	4	15.47
707	106	3	7.79
168	105	7	7.51
12	233	16	13.25
103	1426	4	15.22
118	114	11	11.4
188	14	25	22.5
2169	108	3	15.7
850	101	3	3.99
104	441	4	8.6
719	12	5	4.54
104	484	3	5.47
589	102	7	15.63
105	711	3	7.33
105	635	3	6.73
120	216	4	10.56
4296	12	3	11.45
203	372	5	36.87
124	974	5	33.21
123	166	37	246.57
260	110	19	97.23
105	201	10	21.05
114	996	10	74.65
113	134	9	15.9
102	2644	5	25.98
493	14	8	7.52
116	236	3	6.12
213	265	10	81.33
2347	106	3	16.11
1198	102	4	9.96
102	237	21	49.34
111	1088	3	13.83
166	375	3	17.18
1145	326	3	29.95
108	344	3	4.53
108	137	9	7.31
795	116	10	71.74
713	125	12	97.06
879	106	3	9.1
2448	119	3	21.75
192	2639	5	60.03
109	1059	4	18.77
105	589	3	6.45
105	378	4	7.66
616	108	3	7.33
1174	107	4	16.95
134	164	4	11.81
870	102	3	4.1
353	2	11	50.19
1117	897	3	35.64
117	127	8	11.61
113	437	5	20.1
149	402	3	16.44
183	554	3	20.02
921	12	6	9.91
1911	12	3	5.9
130	408	4	19.93
105	482	3	5.5
101	5150	3	17.26
851	14	5	5.07
204	490	4	29.73
101	118	37	14.91
452	14	13	21.04
3600	14	3	9.22
102	1424	3	7.09
1601	612	5	66.27
109	2374	6	47.65
966	769	3	33.65
2135	106	3	15.37
310	9	3	5.81
266	783	3	25.64
154	145	3	8.31
161	107	8	10.24
388	227	4	28.97
141	314	15	118.01
154	397	3	16.63
200	12	13	4.56
1092	102	4	9.22
105	1384	5	24.56
112	409	4	13.85
613	114	4	17.36
101	1248	6	20.42
102	506	5	6.78
3085	101	3	12.36
1543	14	4	6.81
557	884	7	86.33
1619	14	3	3.93
495	851	3	30.33
426	240	7	61.59
102	1221	5	15.25
299	103	46	273.45
2447	14	3	6.43
118	632	3	12.39
113	234	5	12.98
963	107	3	9.58
2917	12	3	8.82
328	110	3	6.38
105	228	10	23.58
713	1287	3	35.19
108	1244	6	32.13
114	892	3	13.5
108	1192	9	56.06
118	202	4	9.05
118	129	10	19.8
146	2	8	12
636	102	4	5.36
103	1377	6	27.51
2623	200	4	46
120	14	69	31.35
2343	14	3	6.43
785	101	5	10.19
115	21	3	16.49
163	116	5	9.96
185	431	4	27.31
131	619	12	99.39
639	391	3	27.28
3013	105	3	17.46
114	1142	3	15.06
153	14	26	12.44
131	737	5	33.38
2670	112	5	42.12
125	141	4	6.52
1268	119	5	34.11
234	108	4	4.54
289	119	32	247.77
722	403	3	27.92
960	636	6	74.38
1045	256	3	27.02
1325	130	3	20.23
109	135	13	23.14
417	112	3	8.85
171	120	3	4.76
103	109	98	157.69
127	689	3	15.46
114	1395	6	42.27
889	105	3	8.63
115	165	7	17.83
166	900	3	22.44
132	279	5	23.82
273	105	82	701.2
219	177	5	27.4
102	3375	3	13.68
150	108	9	11.96
114	331	3	7.98
659	5115	3	46.55
129	159	4	10.17
129	306	4	17.39
753	195	3	22.54
103	1259	3	8.89
103	1176	3	8.27
159	113	27	130.46
106	170	9	14.42
1487	121	4	28.75
1415	106	3	12.27
336	936	3	28.44
114	1274	4	23.88
1289	14	4	5.49
337	141	3	13.98
213	625	4	31.98
210	416	6	48.33
1831	111	3	17.75
849	12	12	35.31
1393	102	4	11.26
182	1081	3	24.22
103	181	24	64.56
1374	12	5	10.59
128	154	4	9.13
828	2257	3	40.19
12	255	60	227.64
229	254	6	42.13
369	541	3	25.8
1650	103	3	10.43
180	1760	4	39.55
189	132	5	18.1
330	14	11	8.83
150	285	3	14.2
166	1670	3	26.96
844	107	4	13.88
538	102	5	7.32
124	221	17	98.9
548	379	4	37.31
107	1104	4	16.53
917	113	7	44.02
254	758	11	123.38
214	725	14	156.35
121	266	3	8.74
124	1443	3	19.49
157	120	3	4.21
1771	103	3	10.9
1076	14	7	14.34
179	380	3	17.96
1674	106	7	46.22
694	106	4	12.35
2207	103	4	19.55
221	103	9	12.89
506	14	11	16.1
2531	119	4	31.89
112	201	4	7.36
655	14	9	14.24
535	380	3	26
101	1428	3	6.97
110	2546	3	19.85
154	140	5	17.11
1230	12	7	18.17
103	2330	3	13.35
103	4331	3	17.94
12	3461	3	9.96
2113	12	4	11.12
374	104	8	25.26
884	107	3	9.13
2078	12	4	10.26
105	412	3	4.73
136	298	3	12.41
314	471	3	23.85
123	448	5	25.33
106	732	3	7.95
1590	14	4	7.34
104	2507	3	15.57
107	443	12	54.09
2677	119	4	33.16
12	835	6	8.74
140	101	14	4.18
2707	14	3	7.19
183	122	3	5.74
1385	404	3	32.36
124	4396	3	28.13
5415	109	3	25.04
136	502	3	15.41
105	110	28	15.32
173	124	4	9.29
109	653	3	9.2
109	721	7	34.73
1334	12	4	6.75
593	113	26	224.21
839	4349	3	45.68
108	502	5	15.27
783	105	3	7.85
106	1823	3	14.13
112	378	3	8.27
111	794	5	25.17
332	121	4	15.83
9	101	80	57.18
102	384	7	10.56
102	2669	3	11.52
102	369	10	20.8
102	540	10	27.46
101	1170	3	5.72
939	12	7	14.14
165	127	3	5.95
211	107	16	51.51
3400	133	3	29.05
103	789	8	31.57
287	12	11	8.73
203	419	5	38.11
118	615	3	12.24
102	1306	3	6.42
2939	944	7	125.78
2157	1847	3	45.98
110	1777	5	34.42
106	951	4	15.04
537	300	9	94.97
103	2060	3	11.98
105	258	5	7.41
173	139	7	30.85
104	868	3	8.39
149	118	5	8.95
119	546	3	11.58
105	460	3	5.19
698	981	10	141.12
105	409	3	4.73
554	105	3	6.07
682	14	16	45.64
164	106	18	48.71
2191	101	4	15.8
104	750	9	43.18
541	14	9	11.08
457	108	4	9.92
102	1502	8	37.9
134	183	3	8.14
203	102	16	24.38
152	673	4	28.17
134	234	5	21.91
419	1748	4	48.58
102	286	12	22.57
103	1043	4	12.19
112	228	3	4.79
108	148	7	6.23
1093	106	4	16.1
3326	585	5	78.84
103	533	4	7.18
3316	14	4	15.51
5630	400	3	48.19
2981	14	3	8.09
326	464	3	24.18
102	688	5	9.29
4886	401	4	64.33
522	12	17	45.08
237	104	7	12.66
764	110	4	16.74
270	104	12	38.95
104	307	8	22.11
480	102	5	6.45
114	239	5	13.6
106	340	4	7.49
103	1352	16	123.74
797	112	3	12.37
118	359	3	9.37
102	2011	3	9.38
102	1967	5	21.57
124	135	4	5.19
868	108	3	9.2
133	331	19	155.86
104	2800	3	16.41
12	238	17	16.01
1260	114	3	16.03
1166	125	18	198.86
1720	103	4	17.06
2393	112	4	29.82
175	5124	3	36.89
1588	1615	3	42.6
118	159	6	13.99
105	763	4	12.42
1866	12	3	5.4
960	611	3	32.21
408	102	6	8.21
112	949	3	13.48
128	312	5	23.47
12	1430	4	7.2
111	279	4	10.26
121	420	3	11.6
