8608	1
6624	2
3508	3
219	4
5104	5
3847	6
5214	7
1441	8
7197	9
945	10
1724	11
2942	12
3173	13
3659	14
5886	15
7684	16
2764	17
1652	18
5691	19
8574	20
8499	21
359	22
1250	23
1191	24
7118	25
4499	26
8646	27
7595	28
3378	29
658	30
2163	31
3695	32
1328	33
2686	34
8146	35
8713	36
4959	37
868	38
1081	39
7599	40
1867	41
2421	42
5928	43
47	44
366	45
3989	46
240	47
8596	48
7388	49
3923	50
3992	51
7076	52
6121	53
8666	54
117	55
71	56
1476	57
239	58
2086	59
4496	60
8178	61
5144	62
7513	63
1909	64
8140	65
7097	66
2493	67
302	68
2378	69
7331	70
7215	71
2615	72
637	73
6073	74
1433	75
8021	76
3445	77
4759	78
5256	79
3502	80
6432	81
7012	82
6750	83
6245	84
7658	85
8334	86
6163	87
385	88
7463	89
564	90
5898	91
8408	92
5100	93
8912	94
810	95
7047	96
7971	97
678	98
825	99
6766	100
7638	101
150	102
3918	103
4807	104
3283	105
8525	106
4502	107
340	108
2138	109
8216	110
774	111
6142	112
310	113
2417	114
2913	115
6806	116
1067	117
8273	118
5459	119
5468	120
6872	121
561	122
2862	123
5842	124
7959	125
2069	126
6191	127
2235	128
7576	129
8614	130
4225	131
4508	132
6694	133
565	134
1679	135
378	136
631	137
4404	138
1069	139
2010	140
4407	141
8837	142
4714	143
609	144
4522	145
112	146
112	147
182	148
3369	149
4130	150
4183	151
7201	152
7776	153
7179	154
7417	155
4342	156
8625	157
681	158
739	159
8133	160
2851	161
3809	162
1660	163
1084	164
2440	165
7729	166
4122	167
6374	168
5492	169
448	170
8483	171
1800	172
872	173
6417	174
7543	175
4525	176
8523	177
3218	178
181	179
6482	180
4940	181
6050	182
5839	183
4112	184
7413	185
7675	186
4093	187
8700	188
1836	189
1426	190
2185	191
5830	192
1659	193
7101	194
8934	195
5778	196
1094	197
8291	198
1817	199
5782	200
8002	201
8227	202
6596	203
3420	204
7744	205
8052	206
7282	207
4574	208
1869	209
1725	210
7323	211
3976	212
7788	213
124	214
6206	215
4533	216
554	217
286	218
3331	219
7922	220
5505	221
3877	222
140	223
4537	224
5565	225
8517	226
1068	227
3282	228
529	229
1010	230
6714	231
861	232
3899	233
7670	234
4070	235
3902	236
5419	237
410	238
908	239
6383	240
4549	241
102	242
3908	243
5095	244
6323	245
5415	246
1687	247
6055	248
1901	249
5833	250
5867	251
5680	252
7115	253
650	254
8660	255
7811	256
948	257
3328	258
1531	259
593	260
7844	261
3645	262
1960	263
4419	264
6022	265
2182	266
3806	267
7711	268
1505	269
578	270
7882	271
130	272
4020	273
7227	274
3257	275
3968	276
4546	277
7268	278
796	279
7161	280
3858	281
4683	282
980	283
3377	284
5310	285
143	286
3475	287
7896	288
4426	289
4427	290
8094	291
4782	292
6234	293
329	294
7501	295
5130	296
4621	297
6186	298
2263	299
4789	300
7074	301
8785	302
2744	303
2821	304
2432	305
3849	306
4598	307
5817	308
7430	309
4047	310
1695	311
4670	312
7257	313
577	314
6411	315
6812	316
4918	317
7593	318
7226	319
4351	320
410	321
2492	322
6855	323
8061	324
677	325
1018	326
4127	327
215	328
5834	329
248	330
7304	331
3769	332
2970	333
7464	334
5990	335
4263	336
5022	337
7875	338
2692	339
4748	340
718	341
639	342
525	343
8005	344
7918	345
7996	346
6996	347
7614	348
4677	349
8841	350
6863	351
8313	352
2172	353
8084	354
2444	355
7341	356
1759	357
4479	358
7659	359
5195	360
3698	361
3713	362
7893	363
5412	364
309	365
1492	366
2096	367
946	368
8690	369
2261	370
5994	371
5044	372
3830	373
7393	374
2087	375
3272	376
307	377
593	378
8535	379
204	380
1775	381
1627	382
6947	383
3172	384
67	385
1174	386
8585	387
3975	388
177	389
8397	390
4447	391
664	392
5286	393
6467	394
330	395
3013	396
1317	397
1681	398
5849	399
2546	400
3661	401
2996	402
3147	403
7919	404
878	405
6942	406
3450	407
7415	408
2027	409
7369	410
8449	411
4860	412
3335	413
4492	414
8645	415
2168	416
7892	417
1870	418
1259	419
831	420
2674	421
3552	422
7342	423
7377	424
8564	425
8455	426
3069	427
5678	428
7155	429
8424	430
3029	431
7854	432
94	433
94	434
6716	435
4452	436
876	437
6832	438
8006	439
7189	440
1249	441
1905	442
5219	443
5513	444
6426	445
929	446
6395	447
4161	448
152	449
5344	450
4786	451
7004	452
2782	453
5677	454
310	455
4444	456
959	457
36	458
1803	459
4717	460
2416	461
4555	462
4282	463
2400	464
6556	465
2304	466
3931	467
1410	468
4268	469
8270	470
3506	471
6496	472
26	473
1858	474
5323	475
6672	476
5586	477
3318	478
8990	479
938	480
5585	481
5772	482
7758	483
9023	484
1924	485
6167	486
3195	487
8555	488
415	489
389	490
6282	491
5056	492
2858	493
6128	494
6557	495
1227	496
7998	497
8287	498
3170	499
4945	500
8349	501
353	502
3031	503
2826	504
3540	505
4579	506
592	507
547	508
12	509
1589	510
6883	511
5216	512
4037	513
1972	514
6102	515
7491	516
1977	517
780	518
666	519
2007	520
5612	521
488	522
1815	523
7504	524
1719	525
7960	526
4432	527
8031	528
5571	529
5102	530
13	531
5358	532
4290	533
95	534
6791	535
7124	536
10	537
5760	538
57	539
4532	540
3780	541
7738	542
6823	543
3936	544
3951	545
693	546
7211	547
570	548
3694	549
301	550
7718	551
2530	552
7985	553
25	554
3792	555
212	556
2294	557
4929	558
3301	559
8197	560
3184	561
4116	562
3370	563
1502	564
5410	565
8149	566
2473	567
2536	568
8206	569
461	570
8858	571
5931	572
99	573
4151	574
8694	575
1478	576
8779	577
797	578
5156	579
171	580
371	581
8352	582
3390	583
6399	584
3875	585
3767	586
482	587
793	588
3839	589
6258	590
5872	591
2129	592
665	593
6761	594
6337	595
904	596
7466	597
2832	598
752	599
4695	600
1564	601
3487	602
7168	603
7972	604
2793	605
3750	606
5303	607
5536	608
3595	609
6463	610
3643	611
5087	612
2889	613
880	614
7517	615
4749	616
4755	617
4754	618
3539	619
4354	620
4369	621
7065	622
6164	623
1290	624
6969	625
4895	626
1979	627
1565	628
814	629
3201	630
8294	631
7739	632
8536	633
665	634
7766	635
5074	636
4314	637
3618	638
4169	639
8332	640
1320	641
4762	642
6062	643
393	644
6777	645
5852	646
5765	647
7250	648
3137	649
6765	650
5652	651
4069	652
391	653
4067	654
730	655
5417	656
2939	657
1054	658
2811	659
5871	660
5308	661
4058	662
1970	663
2343	664
5438	665
611	666
5574	667
3119	668
2466	669
5048	670
5576	671
5674	672
32	673
747	674
4792	675
3234	676
2062	677
29	678
798	679
7530	680
7213	681
2159	682
8078	683
2594	684
344	685
7261	686
1028	687
6487	688
5162	689
7273	690
4247	691
154	692
704	693
3319	694
2547	695
1329	696
4797	697
4	698
1662	699
6413	700
4791	701
3017	702
950	703
5152	704
3860	705
3064	706
1459	707
4360	708
5601	709
5193	710
4163	711
7258	712
3983	713
4796	714
1642	715
93	716
4424	717
7778	718
6450	719
5718	720
2855	721
44	722
2667	723
4910	724
4117	725
2542	726
1331	727
6519	728
6853	729
5736	730
6619	731
4685	732
284	733
1609	734
350	735
2402	736
4610	737
2241	738
5769	739
1558	740
3996	741
298	742
5801	743
1485	744
6011	745
8649	746
3039	747
6892	748
5294	749
1639	750
5032	751
8321	752
120	753
2332	754
1755	755
2114	756
7410	757
6770	758
265	759
2319	760
4035	761
5600	762
3044	763
751	764
8724	765
4698	766
6565	767
4618	768
2704	769
268	770
3289	771
7026	772
6795	773
2553	774
70	775
2713	776
4551	777
5478	778
4249	779
121	780
4552	781
4999	782
4425	783
6369	784
1217	785
1087	786
2093	787
435	788
7553	789
728	790
4202	791
3018	792
2449	793
1319	794
5788	795
1235	796
4946	797
6226	798
455	799
583	800
6205	801
2629	802
4187	803
3543	804
280	805
4495	806
1773	807
457	808
4800	809
1821	810
1822	811
7461	812
1370	813
8845	814
7803	815
3853	816
3657	817
1333	818
550	819
607	820
8749	821
5825	822
4001	823
5603	824
2974	825
8980	826
5115	827
3957	828
7866	829
7347	830
4542	831
7977	832
2879	833
4411	834
6179	835
4141	836
345	837
4526	838
5	839
8681	840
3868	841
7681	842
4997	843
2820	844
8673	845
8675	846
7814	847
549	848
5281	849
8734	850
1606	851
3548	852
4131	853
4826	854
6451	855
140	856
8632	857
3639	858
4512	859
2286	860
423	861
548	862
8	863
2299	864
7180	865
1005	866
4245	867
7829	868
5819	869
8361	870
6028	871
8438	872
4778	873
3470	874
4808	875
2863	876
2213	877
6093	878
2847	879
3458	880
2794	881
7852	882
1162	883
3278	884
653	885
5885	886
4536	887
3592	888
4699	889
2109	890
5481	891
7878	892
8439	893
3426	894
87	895
7332	896
5768	897
6652	898
7520	899
8950	900
7209	901
8652	902
6985	903
1854	904
5552	905
6309	906
4300	907
8033	908
4165	909
8020	910
7344	911
1185	912
759	913
80	914
3520	915
2476	916
8698	917
517	918
8534	919
2561	920
8869	921
8426	922
8325	923
8870	924
4584	925
7382	926
8758	927
481	928
2296	929
8262	930
7714	931
7590	932
1756	933
6141	934
1575	935
8221	936
4859	937
3981	938
8606	939
431	940
467	941
7298	942
591	943
6493	944
339	945
5679	946
8440	947
3684	948
5332	949
6175	950
6620	951
8107	952
951	953
7140	954
8209	955
117	956
5558	957
2773	958
1757	959
4200	960
305	961
1605	962
3644	963
7116	964
4235	965
3876	966
7330	967
201	968
2089	969
3636	970
3113	971
2614	972
3316	973
103	974
3624	975
7146	976
3454	977
792	978
3200	979
348	980
2754	981
7256	982
8805	983
3284	984
3701	985
2397	986
827	987
1750	988
6555	989
3166	990
78	991
3959	992
3512	993
4338	994
53	995
7802	996
1585	997
6147	998
3709	999
6899	1000
4820	1001
56	1002
3037	1003
377	1004
8795	1005
6117	1006
4914	1007
6107	1008
4902	1009
3766	1010
450	1011
4666	1012
4994	1013
3364	1014
2898	1015
408	1016
2190	1017
1124	1018
8249	1019
5599	1020
2677	1021
695	1022
5896	1023
7441	1024
1380	1025
1562	1026
5135	1027
108	1028
8665	1029
66	1030
3244	1031
8846	1032
5644	1033
5305	1034
3198	1035
5029	1036
4672	1037
8527	1038
6127	1039
4906	1040
7419	1041
3083	1042
4005	1043
88	1044
7015	1045
723	1046
5995	1047
7198	1048
8402	1049
8589	1050
3465	1051
1802	1052
6043	1053
5122	1054
5605	1055
818	1056
4674	1057
8973	1058
3855	1059
5262	1060
5794	1061
894	1062
7217	1063
8043	1064
6038	1065
8830	1066
6110	1067
5039	1068
1747	1069
5569	1070
660	1071
7598	1072
8597	1073
8547	1074
7184	1075
241	1076
8330	1077
8159	1078
2510	1079
3003	1080
4915	1081
3532	1082
2121	1083
6882	1084
692	1085
1713	1086
3313	1087
4234	1088
3579	1089
4899	1090
5705	1091
5570	1092
7475	1093
1541	1094
3541	1095
5106	1096
1395	1097
6905	1098
2808	1099
256	1100
2925	1101
6949	1102
8311	1103
975	1104
4271	1105
543	1106
236	1107
7825	1108
4927	1109
4137	1110
5595	1111
4839	1112
625	1113
4934	1114
4327	1115
7594	1116
762	1117
3032	1118
8581	1119
27	1120
6261	1121
3371	1122
2723	1123
8910	1124
3633	1125
680	1126
1506	1127
5904	1128
1818	1129
936	1130
2133	1131
2987	1132
7690	1133
6577	1134
2831	1135
879	1136
5201	1137
3546	1138
5799	1139
7682	1140
969	1141
5370	1142
4294	1143
7891	1144
5148	1145
4317	1146
8947	1147
7980	1148
6546	1149
552	1150
4877	1151
5075	1152
3216	1153
287	1154
490	1155
799	1156
6686	1157
7343	1158
8353	1159
10	1160
5299	1161
683	1162
1643	1163
1647	1164
3934	1165
4768	1166
5815	1167
510	1168
2534	1169
8102	1170
4948	1171
663	1172
694	1173
1418	1174
1614	1175
153	1176
7014	1177
5850	1178
109	1179
8603	1180
700	1181
4223	1182
6991	1183
6516	1184
7095	1185
3772	1186
197	1187
2715	1188
34	1189
2785	1190
1096	1191
3448	1192
784	1193
4650	1194
5005	1195
17	1196
3192	1197
2209	1198
303	1199
4838	1200
8495	1201
5023	1202
8835	1203
8470	1204
18	1205
2360	1206
8411	1207
6104	1208
3955	1209
546	1210
2915	1211
2778	1212
7111	1213
1645	1214
2678	1215
1712	1216
4866	1217
5524	1218
6715	1219
7225	1220
7096	1221
4643	1222
3401	1223
550	1224
2804	1225
523	1226
987	1227
41	1228
8135	1229
4430	1230
5831	1231
2105	1232
4283	1233
8150	1234
4835	1235
348	1236
8458	1237
2878	1238
264	1239
147	1240
5060	1241
6900	1242
222	1243
638	1244
1704	1245
6	1246
7472	1247
2886	1248
8498	1249
8853	1250
6740	1251
3770	1252
8974	1253
4287	1254
7939	1255
400	1256
7955	1257
1255	1258
1070	1259
3167	1260
7535	1261
2595	1262
2356	1263
1117	1264
270	1265
594	1266
447	1267
4382	1268
5996	1269
1641	1270
4465	1271
507	1272
608	1273
1298	1274
6626	1275
3280	1276
7626	1277
6397	1278
5114	1279
2049	1280
8058	1281
2074	1282
6150	1283
6361	1284
8920	1285
1302	1286
134	1287
2680	1288
3233	1289
6588	1290
431	1291
468	1292
6168	1293
194	1294
5000	1295
4144	1296
334	1297
8357	1298
2021	1299
1041	1300
1922	1301
3531	1302
931	1303
8530	1304
269	1305
439	1306
7696	1307
343	1308
1633	1309
11	1310
8993	1311
5703	1312
2999	1313
570	1314
271	1315
524	1316
4258	1317
1197	1318
484	1319
1739	1320
142	1321
3924	1322
4602	1323
8348	1324
5354	1325
4371	1326
5225	1327
4729	1328
8688	1329
4734	1330
7216	1331
2689	1332
7278	1333
5934	1334
3093	1335
6843	1336
7487	1337
2512	1338
8157	1339
8742	1340
7452	1341
8032	1342
3144	1343
2151	1344
2779	1345
696	1346
30	1347
8113	1348
7221	1349
375	1350
8494	1351
5361	1352
6989	1353
8208	1354
8931	1355
128	1356
427	1357
6669	1358
8514	1359
313	1360
1956	1361
4881	1362
31	1363
8521	1364
388	1365
566	1366
6727	1367
6060	1368
757	1369
7172	1370
5027	1371
821	1372
8029	1373
7591	1374
1861	1375
7134	1376
1182	1377
165	1378
7147	1379
6729	1380
8552	1381
635	1382
5937	1383
4607	1384
7224	1385
8899	1386
4795	1387
1772	1388
187	1389
1812	1390
8132	1391
4942	1392
8105	1393
856	1394
7958	1395
2311	1396
3030	1397
1524	1398
4727	1399
6780	1400
6717	1401
4036	1402
1711	1403
3452	1404
5665	1405
5983	1406
8024	1407
2260	1408
96	1409
3398	1410
7863	1411
4858	1412
3363	1413
1258	1414
8817	1415
5739	1416
5427	1417
561	1418
5245	1419
5365	1420
6965	1421
7773	1422
2005	1423
5895	1424
6997	1425
6	1426
2694	1427
8810	1428
534	1429
4829	1430
372	1431
99	1432
4544	1433
8913	1434
7845	1435
8977	1436
3580	1437
3889	1438
2106	1439
3049	1440
2733	1441
7519	1442
502	1443
586	1444
1043	1445
1447	1446
2230	1447
6898	1448
3219	1449
1100	1450
889	1451
4631	1452
1799	1453
8600	1454
151	1455
3576	1456
1107	1457
3564	1458
3874	1459
464	1460
4102	1461
4981	1462
1149	1463
7926	1464
6512	1465
3196	1466
2251	1467
7130	1468
750	1469
7	1470
7921	1471
3828	1472
5421	1473
2044	1474
6828	1475
5578	1476
2637	1477
8298	1478
781	1479
4478	1480
4706	1481
656	1482
9007	1483
8490	1484
8658	1485
6648	1486
5108	1487
5243	1488
2848	1489
7989	1490
850	1491
8897	1492
2281	1493
6313	1494
6435	1495
5527	1496
5096	1497
4702	1498
201	1499
4801	1500
8863	1501
8629	1502
3819	1503
515	1504
6980	1505
3751	1506
4719	1507
1651	1508
6024	1509
5583	1510
8451	1511
169	1512
668	1513
6442	1514
8462	1515
196	1516
2336	1517
1920	1518
4556	1519
932	1520
2472	1521
404	1522
3299	1523
213	1524
2480	1525
4394	1526
8526	1527
2873	1528
240	1529
2256	1530
1985	1531
6485	1532
7405	1533
5055	1534
5770	1535
6829	1536
2080	1537
4799	1538
2039	1539
6197	1540
8930	1541
8306	1542
5539	1543
304	1544
6835	1545
991	1546
1689	1547
1888	1548
8704	1549
2081	1550
298	1551
4309	1552
3730	1553
4992	1554
8480	1555
527	1556
3942	1557
6824	1558
4111	1559
2929	1560
3710	1561
3440	1562
7500	1563
4305	1564
4694	1565
7819	1566
3880	1567
6135	1568
5047	1569
3758	1570
24	1571
3358	1572
5253	1573
5946	1574
7898	1575
8842	1576
2303	1577
776	1578
4413	1579
7842	1580
5999	1581
5659	1582
7019	1583
87	1584
6035	1585
2940	1586
8998	1587
735	1588
3372	1589
1	1590
8631	1591
709	1592
2507	1593
1859	1594
6625	1595
7717	1596
701	1597
8648	1598
6998	1599
6113	1600
8346	1601
3397	1602
5618	1603
71	1604
7621	1605
2142	1606
2066	1607
7407	1608
2894	1609
8165	1610
8728	1611
198	1612
7300	1613
4606	1614
7851	1615
7193	1616
3000	1617
1194	1618
5248	1619
1461	1620
8487	1621
1257	1622
3862	1623
7317	1624
214	1625
118	1626
6990	1627
1991	1628
5998	1629
3124	1630
8091	1631
2425	1632
2989	1633
1521	1634
6537	1635
4397	1636
567	1637
1656	1638
8616	1639
1674	1640
1061	1641
6134	1642
5393	1643
8733	1644
471	1645
2022	1646
7455	1647
707	1648
34	1649
1958	1650
5157	1651
1278	1652
4586	1653
8851	1654
2598	1655
828	1656
5312	1657
4874	1658
5544	1659
8503	1660
1971	1661
2134	1662
4764	1663
6988	1664
7141	1665
5781	1666
4091	1667
2838	1668
6650	1669
4042	1670
2638	1671
3705	1672
1040	1673
5807	1674
2606	1675
5919	1676
3258	1677
5306	1678
6641	1679
3674	1680
3586	1681
1734	1682
5845	1683
1932	1684
2608	1685
188	1686
4023	1687
3882	1688
5366	1689
2641	1690
6224	1691
2619	1692
2652	1693
3305	1694
1105	1695
6048	1696
2635	1697
2647	1698
2967	1699
3221	1700
4311	1701
6287	1702
6301	1703
7379	1704
6308	1705
6311	1706
399	1707
7761	1708
6230	1709
331	1710
181	1711
574	1712
6474	1713
4401	1714
2217	1715
3504	1716
2382	1717
6297	1718
7094	1719
8855	1720
285	1721
1690	1722
3813	1723
4101	1724
4779	1725
3525	1726
8867	1727
3024	1728
4456	1729
7724	1730
5682	1731
1421	1732
5260	1733
6208	1734
6536	1735
1449	1736
86	1737
6026	1738
511	1739
246	1740
3416	1741
6598	1742
4299	1743
965	1744
8571	1745
8703	1746
7649	1747
8038	1748
7589	1749
5715	1750
6061	1751
4693	1752
5634	1753
2827	1754
273	1755
4281	1756
2111	1757
4514	1758
7667	1759
4772	1760
466	1761
8040	1762
7170	1763
6431	1764
7301	1765
3349	1766
246	1767
289	1768
4614	1769
6470	1770
6347	1771
7496	1772
82	1773
1588	1774
8112	1775
192	1776
5453	1777
4744	1778
58	1779
7038	1780
7214	1781
4793	1782
4528	1783
2391	1784
37	1785
4775	1786
5671	1787
4645	1788
202	1789
3765	1790
422	1791
8414	1792
2447	1793
5630	1794
6466	1795
8874	1796
3567	1797
2100	1798
7137	1799
5485	1800
3654	1801
695	1802
2644	1803
6334	1804
1767	1805
41	1806
6617	1807
6986	1808
3816	1809
3925	1810
7089	1811
4515	1812
3229	1813
4493	1814
5670	1815
3347	1816
186	1817
2774	1818
415	1819
4381	1820
3181	1821
2238	1822
2824	1823
35	1824
6885	1825
2462	1826
627	1827
7478	1828
3747	1829
2451	1830
2058	1831
7643	1832
183	1833
3071	1834
8717	1835
225	1836
699	1837
3026	1838
136	1839
1030	1840
9025	1841
4771	1842
2414	1843
460	1844
3163	1845
3230	1846
7231	1847
6737	1848
7489	1849
1714	1850
30	1851
5092	1852
6524	1853
6759	1854
4494	1855
82	1856
3823	1857
2924	1858
8826	1859
3787	1860
38	1861
4276	1862
6094	1863
6914	1864
2777	1865
3805	1866
275	1867
8500	1868
277	1869
1171	1870
394	1871
8722	1872
5355	1873
8305	1874
6349	1875
6454	1876
4815	1877
1251	1878
1617	1879
114	1880
795	1881
8838	1882
687	1883
7554	1884
5414	1885
711	1886
3514	1887
8823	1888
4318	1889
4909	1890
5070	1891
5707	1892
2211	1893
4673	1894
2028	1895
7872	1896
192	1897
6155	1898
4737	1899
1578	1900
1460	1901
914	1902
6862	1903
1720	1904
627	1905
5639	1906
367	1907
1727	1908
2710	1909
680	1910
960	1911
4296	1912
1123	1913
4814	1914
2994	1915
5961	1916
3802	1917
6232	1918
364	1919
1504	1920
159	1921
8684	1922
7566	1923
1794	1924
8719	1925
5426	1926
1215	1927
8399	1928
7559	1929
2786	1930
495	1931
1582	1932
3130	1933
7145	1934
4115	1935
8702	1936
437	1937
1436	1938
2055	1939
575	1940
2860	1941
8423	1942
6042	1943
5922	1944
3	1945
567	1946
2815	1947
563	1948
6547	1949
1	1950
135	1951
5327	1952
2357	1953
8878	1954
7904	1955
506	1956
1143	1957
8578	1958
661	1959
5591	1960
5051	1961
7648	1962
551	1963
2993	1964
1792	1965
573	1966
6125	1967
3742	1968
7817	1969
5888	1970
1422	1971
607	1972
4628	1973
1378	1974
8786	1975
290	1976
2601	1977
3066	1978
2627	1979
2840	1980
170	1981
5170	1982
1438	1983
2205	1984
1131	1985
290	1986
2633	1987
5949	1988
1330	1989
122	1990
4040	1991
492	1992
735	1993
5454	1994
3848	1995
8893	1996
7324	1997
2130	1998
1980	1999
7468	2000
962	2001
3582	2002
3404	2003
2024	2004
390	2005
8809	2006
3881	2007
2907	2008
4539	2009
4485	2010
8607	2011
2009	2012
779	2013
4885	2014
6726	2015
1669	2016
4746	2017
2329	2018
6953	2019
5339	2020
6655	2021
4050	2022
4581	2023
8409	2024
5333	2025
280	2026
6747	2027
2753	2028
3097	2029
4703	2030
8246	2031
7051	2032
7974	2033
228	2034
4935	2035
4097	2036
106	2037
5203	2038
727	2039
2911	2040
3180	2041
4204	2042
1134	2043
564	2044
7664	2045
48	2046
4270	2047
4530	2048
366	2049
4712	2050
6749	2051
2228	2052
2479	2053
3222	2054
6460	2055
1951	2056
788	2057
51	2058
3621	2059
6243	2060
2518	2061
6477	2062
356	2063
3434	2064
7531	2065
8218	2066
6096	2067
4965	2068
7459	2069
3509	2070
4454	2071
3380	2072
610	2073
6970	2074
6569	2075
3530	2076
1	2077
2791	2078
2656	2079
352	2080
1199	2081
79	2082
6612	2083
1579	2084
6636	2085
104	2086
6138	2087
1423	2088
6343	2089
5212	2090
547	2091
308	2092
402	2093
2825	2094
7577	2095
6015	2096
902	2097
58	2098
5186	2099
419	2100
3149	2101
1148	2102
2797	2103
7796	2104
8280	2105
1110	2106
1341	2107
8551	2108
7821	2109
6935	2110
5673	2111
8090	2112
632	2113
5180	2114
1868	2115
8230	2116
5181	2117
3938	2118
5465	2119
7578	2120
5537	2121
543	2122
331	2123
7650	2124
98	2125
729	2126
2995	2127
6936	2128
328	2129
4979	2130
6739	2131
3077	2132
94	2133
2665	2134
2001	2135
10	2136
3307	2137
267	2138
4611	2139
3009	2140
3854	2141
6367	2142
6254	2143
2650	2144
2909	2145
2959	2146
2333	2147
4627	2148
4463	2149
1355	2150
638	2151
1842	2152
5058	2153
7858	2154
6930	2155
3423	2156
8760	2157
3276	2158
6402	2159
6131	2160
7956	2161
2643	2162
2575	2163
8415	2164
8030	2165
2520	2166
4491	2167
1158	2168
6020	2169
7574	2170
4968	2171
2041	2172
8994	2173
351	2174
210	2175
113	2176
5860	2177
7181	2178
7071	2179
585	2180
7289	2181
718	2182
7840	2183
500	2184
4983	2185
2242	2186
8715	2187
4321	2188
5118	2189
3731	2190
1845	2191
8295	2192
4000	2193
416	2194
6198	2195
4534	2196
4857	2197
8554	2198
9002	2199
7562	2200
4100	2201
545	2202
8083	2203
8432	2204
6171	2205
7865	2206
4953	2207
3424	2208
3256	2209
5685	2210
19	2211
5520	2212
398	2213
6611	2214
4615	2215
2922	2216
136	2217
3719	2218
3446	2219
7349	2220
4785	2221
4046	2222
716	2223
6017	2224
7600	2225
7481	2226
222	2227
2515	2228
8802	2229
4854	2230
5935	2231
5792	2232
8669	2233
6360	2234
1228	2235
1523	2236
392	2237
5084	2238
6550	2239
742	2240
7861	2241
6782	2242
7239	2243
4665	2244
3647	2245
4812	2246
4239	2247
594	2248
247	2249
3574	2250
8046	2251
7105	2252
7470	2253
347	2254
427	2255
4277	2256
2525	2257
2157	2258
6819	2259
2011	2260
8789	2261
420	2262
5405	2263
6014	2264
4753	2265
2884	2266
6244	2267
2110	2268
1774	2269
1596	2270
45	2271
3270	2272
3490	2273
1321	2274
3720	2275
6223	2276
12	2277
739	2278
8077	2279
6593	2280
1382	2281
6281	2282
3243	2283
907	2284
1496	2285
4153	2286
6887	2287
1599	2288
7771	2289
2966	2290
2052	2291
3480	2292
4331	2293
5732	2294
6501	2295
8212	2296
5581	2297
8342	2298
4798	2299
4713	2300
3980	2301
130	2302
40	2303
6378	2304
4029	2305
4304	2306
801	2307
5757	2308
809	2309
5072	2310
376	2311
2835	2312
6981	2313
291	2314
7477	2315
354	2316
755	2317
492	2318
3498	2319
6384	2320
2896	2321
3238	2322
2899	2323
3059	2324
2956	2325
3800	2326
1057	2327
2218	2328
2219	2329
1684	2330
906	2331
6388	2332
5099	2333
2570	2334
110	2335
2135	2336
5602	2337
5668	2338
6753	2339
184	2340
1949	2341
2369	2342
4517	2343
7789	2344
8650	2345
3443	2346
484	2347
433	2348
2072	2349
1829	2350
7686	2351
6731	2352
148	2353
8195	2354
8169	2355
5887	2356
4355	2357
5204	2358
5199	2359
1335	2360
1526	2361
4379	2362
1637	2363
7456	2364
4353	2365
620	2366
5408	2367
1279	2368
3602	2369
3386	2370
6157	2371
6902	2372
507	2373
8828	2374
60	2375
1877	2376
6889	2377
2526	2378
6008	2379
2661	2380
8110	2381
7471	2382
3581	2383
4742	2384
1080	2385
1872	2386
1863	2387
3542	2388
3060	2389
327	2390
5607	2391
5002	2392
942	2393
1467	2394
41	2395
6331	2396
6447	2397
2327	2398
7899	2399
8289	2400
3939	2401
204	2402
8	2403
6810	2404
4160	2405
4989	2406
8188	2407
1607	2408
5154	2409
6724	2410
6888	2411
3421	2412
660	2413
595	2414
4348	2415
5440	2416
129	2417
4019	2418
7581	2419
6247	2420
6039	2421
474	2422
4960	2423
6430	2424
3152	2425
3611	2426
3345	2427
3373	2428
8171	2429
74	2430
3056	2431
1023	2432
6434	2433
2301	2434
7482	2435
5398	2436
4547	2437
5069	2438
6903	2439
254	2440
2353	2441
1623	2442
6366	2443
2467	2444
716	2445
417	2446
7546	2447
5078	2448
3896	2449
3242	2450
7029	2451
1262	2452
5139	2453
6422	2454
6095	2455
5926	2456
3264	2457
8619	2458
5713	2459
4209	2460
3827	2461
4431	2462
7806	2463
537	2464
3162	2465
580	2466
3094	2467
2711	2468
3155	2469
3671	2470
3736	2471
2103	2472
1786	2473
2780	2474
7135	2475
4871	2476
2496	2477
3338	2478
3433	2479
2975	2480
3322	2481
34	2482
8453	2483
2003	2484
5313	2485
2108	2486
5404	2487
2341	2488
2104	2489
3578	2490
1167	2491
8540	2492
5704	2493
2788	2494
7269	2495
6441	2496
5	2497
7119	2498
54	2499
1014	2500
4129	2501
7497	2502
1921	2503
2836	2504
4132	2505
1729	2506
576	2507
8471	2508
625	2509
4026	2510
2362	2511
8984	2512
731	2513
390	2514
6389	2515
1883	2516
2735	2517
1371	2518
5551	2519
362	2520
5	2521
8661	2522
5254	2523
7251	2524
1132	2525
6452	2526
5079	2527
6410	2528
5018	2529
2741	2530
315	2531
3516	2532
553	2533
2502	2534
3469	2535
5368	2536
3096	2537
5648	2538
606	2539
6560	2540
5824	2541
406	2542
4082	2543
1613	2544
6277	2545
5237	2546
9026	2547
886	2548
402	2549
2772	2550
398	2551
5947	2552
6268	2553
1404	2554
250	2555
2210	2556
1890	2557
40	2558
40	2559
3054	2560
3006	2561
6189	2562
1186	2563
1703	2564
316	2565
2582	2566
3556	2567
8368	2568
8510	2569
5925	2570
4880	2571
8486	2572
360	2573
4660	2574
2240	2575
1111	2576
418	2577
6915	2578
496	2579
771	2580
3961	2581
2964	2582
6976	2583
409	2584
4363	2585
2803	2586
568	2587
4794	2588
459	2589
2354	2590
659	2591
3815	2592
28	2593
4938	2594
5411	2595
28	2596
5646	2597
1012	2598
3352	2599
6974	2600
3608	2601
1878	2602
4068	2603
3015	2604
1198	2605
5439	2606
1809	2607
530	2608
922	2609
3789	2610
2603	2611
7088	2612
788	2613
4716	2614
6400	2615
6529	2616
1234	2617
7575	2618
5036	2619
6551	2620
13	2621
2781	2622
4272	2623
4390	2624
626	2625
692	2626
7676	2627
4849	2628
7148	2629
7335	2630
8723	2631
3523	2632
6006	2633
8034	2634
7503	2635
7458	2636
2187	2637
3141	2638
8716	2639
6515	2640
1160	2641
77	2642
554	2643
5197	2644
6527	2645
2731	2646
148	2647
772	2648
772	2649
3610	2650
6785	2651
1204	2652
2810	2653
156	2654
8668	2655
6530	2656
8774	2657
5110	2658
238	2659
7249	2660
7202	2661
8804	2662
7507	2663
2599	2664
6535	2665
3895	2666
60	2667
5161	2668
262	2669
251	2670
7523	2671
7078	2672
4267	2673
2837	2674
4367	2675
3999	2676
2954	2677
3619	2678
90	2679
8008	2680
1911	2681
7949	2682
8559	2683
3025	2684
7527	2685
8435	2686
1001	2687
1844	2688
7606	2689
1364	2690
5176	2691
5177	2692
4186	2693
4684	2694
7534	2695
3085	2696
7537	2697
7538	2698
6340	2699
3553	2700
7824	2701
97	2702
5057	2703
6917	2704
3708	2705
7125	2706
3690	2707
76	2708
7993	2709
4986	2710
362	2711
4911	2712
4961	2713
173	2714
649	2715
1226	2716
6044	2717
5993	2718
5963	2719
1966	2720
1737	2721
432	2722
2119	2723
7906	2724
3493	2725
6833	2726
3381	2727
1840	2728
6634	2729
526	2730
753	2731
6622	2732
2529	2733
232	2734
3466	2735
2566	2736
2760	2737
4422	2738
9020	2739
509	2740
2166	2741
3759	2742
8582	2743
5109	2744
5146	2745
8768	2746
3601	2747
5046	2748
2298	2749
1409	2750
5534	2751
5064	2752
738	2753
8763	2754
7807	2755
265	2756
5378	2757
3482	2758
7144	2759
4414	2760
452	2761
1591	2762
8590	2763
4488	2764
5863	2765
409	2766
2701	2767
7785	2768
3250	2769
5526	2770
8707	2771
5350	2772
2170	2773
6854	2774
4086	2775
721	2776
8017	2777
3267	2778
584	2779
2324	2780
6203	2781
8492	2782
746	2783
4	2784
2376	2785
736	2786
2408	2787
487	2788
4269	2789
5623	2790
8580	2791
5875	2792
33	2793
6558	2794
1376	2795
2442	2796
2946	2797
5422	2798
4843	2799
8873	2800
5950	2801
1282	2802
5880	2803
5711	2804
4370	2805
516	2806
7462	2807
233	2808
6771	2809
1560	2810
6089	2811
243	2812
329	2813
7713	2814
6052	2815
299	2816
6561	2817
2321	2818
1517	2819
562	2820
4079	2821
418	2822
6520	2823
6562	2824
7163	2825
74	2826
7006	2827
7560	2828
7200	2829
7171	2830
4963	2831
3389	2832
5471	2833
612	2834
7564	2835
6680	2836
619	2837
8712	2838
6532	2839
2682	2840
5702	2841
128	2842
5714	2843
531	2844
47	2845
6489	2846
4738	2847
494	2848
8041	2849
2747	2850
3161	2851
7506	2852
3952	2853
613	2854
341	2855
18	2856
8461	2857
6563	2858
614	2859
305	2860
6459	2861
7951	2862
4343	2863
6029	2864
5516	2865
3076	2866
3462	2867
1025	2868
6401	2869
7580	2870
5881	2871
7399	2872
292	2873
8111	2874
4133	2875
7356	2876
7603	2877
5194	2878
1533	2879
5638	2880
8012	2881
2043	2882
4464	2883
4996	2884
1510	2885
144	2886
5856	2887
8701	2888
166	2889
6187	2890
3604	2891
218	2892
6070	2893
2269	2894
1923	2895
6850	2896
493	2897
4421	2898
1324	2899
7978	2900
8507	2901
3409	2902
74	2903
8473	2904
7	2905
7126	2906
32	2907
5991	2908
7437	2909
344	2910
1907	2911
7794	2912
5614	2913
7107	2914
6775	2915
8960	2916
4893	2917
3344	2918
7617	2919
4973	2920
6336	2921
7618	2922
5988	2923
6009	2924
1135	2925
7620	2926
6663	2927
44	2928
3086	2929
8852	2930
7629	2931
7630	2932
754	2933
6508	2934
830	2935
354	2936
588	2937
3296	2938
8797	2939
1914	2940
2	2941
2193	2942
3954	2943
536	2944
676	2945
7547	2946
7636	2947
5372	2948
8771	2949
393	2950
8004	2951
4982	2952
8095	2953
5865	2954
3175	2955
188	2956
1899	2957
7532	2958
4045	2959
5128	2960
3464	2961
365	2962
22	2963
7068	2964
3714	2965
4457	2966
7167	2967
7284	2968
900	2969
383	2970
5604	2971
3998	2972
6820	2973
6805	2974
3675	2975
6698	2976
4469	2977
1274	2978
126	2979
654	2980
149	2981
3697	2982
916	2983
6235	2984
8739	2985
6080	2986
7438	2987
229	2988
8170	2989
4440	2990
5222	2991
7516	2992
4998	2993
7800	2994
1169	2995
1668	2996
5853	2997
5914	2998
933	2999
6270	3000
2554	3001
982	3002
8428	3003
4372	3004
225	3005
4275	3006
1323	3007
6263	3008
1002	3009
7494	3010
1066	3011
346	3012
3826	3013
636	3014
8304	3015
5766	3016
7881	3017
2751	3018
6838	3019
1232	3020
1295	3021
7925	3022
131	3023
4490	3024
6639	3025
4166	3026
36	3027
7928	3028
5790	3029
944	3030
7059	3031
6403	3032
1196	3033
2749	3034
3566	3035
5259	3036
451	3037
7326	3038
1581	3039
8393	3040
7642	3041
1726	3042
6067	3043
1221	3044
6047	3045
6846	3046
126	3047
634	3048
3468	3049
1547	3050
7321	3051
8766	3052
6276	3053
5311	3054
5049	3055
498	3056
4538	3057
5239	3058
1783	3059
5820	3060
5134	3061
486	3062
1004	3063
1047	3064
773	3065
7799	3066
8144	3067
349	3068
6584	3069
2498	3070
8251	3071
8234	3072
2972	3073
60	3074
705	3075
6444	3076
3063	3077
5642	3078
8442	3079
4887	3080
4662	3081
289	3082
4978	3083
998	3084
8953	3085
4954	3086
5489	3087
5190	3088
2881	3089
8907	3090
1488	3091
6180	3092
537	3093
4580	3094
719	3095
200	3096
3526	3097
6941	3098
8427	3099
4061	3100
5037	3101
1428	3102
9008	3103
3803	3104
6416	3105
7293	3106
5448	3107
3773	3108
7033	3109
5349	3110
339	3111
3700	3112
8001	3113
4221	3114
1884	3115
502	3116
5828	3117
2196	3118
468	3119
5461	3120
1701	3121
3473	3122
338	3123
1769	3124
2950	3125
6352	3126
6390	3127
5683	3128
4429	3129
1550	3130
808	3131
7938	3132
8166	3133
3422	3134
5786	3135
3213	3136
602	3137
522	3138
3496	3139
3811	3140
6185	3141
5483	3142
6118	3143
7003	3144
2960	3145
4630	3146
1964	3147
6476	3148
4138	3149
5957	3150
6338	3151
4110	3152
3570	3153
8678	3154
7035	3155
3239	3156
1948	3157
1241	3158
3403	3159
970	3160
1093	3161
4052	3162
189	3163
7935	3164
3503	3165
6315	3166
2452	3167
179	3168
4084	3169
7602	3170
7628	3171
8586	3172
4616	3173
7237	3174
3100	3175
1351	3176
84	3177
8847	3178
6339	3179
2309	3180
6364	3181
4766	3182
517	3183
1925	3184
1864	3185
4805	3186
9	3187
5948	3188
8051	3189
1401	3190
6166	3191
4146	3192
109	3193
5876	3194
725	3195
111	3196
194	3197
25	3198
6327	3199
4652	3200
1398	3201
1336	3202
6983	3203
1309	3204
84	3205
3412	3206
5250	3207
2334	3208
8617	3209
1561	3210
2082	3211
8103	3212
6932	3213
5255	3214
2654	3215
478	3216
612	3217
5826	3218
5464	3219
2328	3220
6058	3221
1090	3222
3387	3223
6330	3224
6697	3225
6227	3226
8914	3227
458	3228
4099	3229
1975	3230
7057	3231
62	3232
8071	3233
5392	3234
551	3235
1942	3236
3706	3237
1675	3238
137	3239
7353	3240
7067	3241
8962	3242
25	3243
6601	3244
1039	3245
3686	3246
7969	3247
7365	3248
3457	3249
6756	3250
6707	3251
3663	3252
3481	3253
7016	3254
6541	3255
6471	3256
1451	3257
1494	3258
3078	3259
8324	3260
8482	3261
4193	3262
1361	3263
5328	3264
522	3265
138	3266
8398	3267
8938	3268
125	3269
6176	3270
5693	3271
105	3272
2454	3273
4410	3274
5472	3275
8548	3276
469	3277
1044	3278
7820	3279
343	3280
452	3281
1953	3282
5588	3283
8598	3284
3169	3285
2078	3286
2326	3287
3696	3288
4104	3289
7072	3290
2258	3291
4520	3292
435	3293
379	3294
24	3295
7652	3296
111	3297
5238	3298
5628	3299
272	3300
7654	3301
2165	3302
7655	3303
1616	3304
871	3305
7688	3306
1104	3307
7075	3308
7689	3309
6808	3310
6393	3311
6881	3312
7360	3313
5727	3314
591	3315
5615	3316
2500	3317
2509	3318
5221	3319
5455	3320
870	3321
5223	3322
7692	3323
1940	3324
1742	3325
2952	3326
3660	3327
7411	3328
8508	3329
6159	3330
23	3331
101	3332
6867	3333
2928	3334
379	3335
7697	3336
6793	3337
1247	3338
7608	3339
75	3340
5735	3341
272	3342
3430	3343
5535	3344
5390	3345
5862	3346
8784	3347
4303	3348
911	3349
5475	3350
6480	3351
5521	3352
1063	3353
8261	3354
2549	3355
6842	3356
893	3357
75	3358
3103	3359
4725	3360
5813	3361
6827	3362
279	3363
4957	3364
5090	3365
8933	3366
6116	3367
6773	3368
4922	3369
1673	3370
1586	3371
2029	3372
6673	3373
3021	3374
3399	3375
667	3376
4612	3377
6790	3378
7894	3379
7777	3380
2412	3381
102	3382
2758	3383
301	3384
1184	3385
7232	3386
748	3387
8794	3388
6065	3389
241	3390
2035	3391
6958	3392
121	3393
3179	3394
252	3395
1804	3396
2390	3397
4481	3398
3842	3399
2807	3400
546	3401
1102	3402
7364	3403
2941	3404
8657	3405
3499	3406
8667	3407
1638	3408
43	3409
3220	3410
1000	3411
237	3412
285	3413
3075	3414
1220	3415
6918	3416
1522	3417
90	3418
1672	3419
8638	3420
190	3421
190	3422
7266	3423
930	3424
2375	3425
9015	3426
581	3427
8124	3428
8288	3429
46	3430
566	3431
1414	3432
2127	3433
88	3434
1393	3435
4696	3436
3733	3437
8082	3438
1119	3439
6837	3440
2477	3441
75	3442
690	3443
8821	3444
25	3445
8215	3446
7742	3447
3325	3448
2986	3449
5436	3450
2859	3451
3471	3452
1499	3453
7363	3454
8983	3455
7756	3456
8524	3457
3589	3458
238	3459
2174	3460
5348	3461
5620	3462
3912	3463
6124	3464
5975	3465
2406	3466
1685	3467
2265	3468
6878	3469
1354	3470
5425	3471
1325	3472
924	3473
2188	3474
5708	3475
4559	3476
314	3477
6192	3478
3022	3479
4632	3480
1670	3481
8513	3482
3529	3483
2991	3484
155	3485
5970	3486
8866	3487
2880	3488
1882	3489
5202	3490
346	3491
4763	3492
1873	3493
5189	3494
4599	3495
708	3496
3366	3497
7615	3498
7735	3499
5737	3500
3303	3501
8961	3502
3451	3503
7797	3504
3666	3505
7622	3506
7691	3507
1239	3508
2802	3509
1060	3510
8186	3511
263	3512
324	3513
881	3514
7265	3515
7376	3516
7584	3517
795	3518
4505	3519
263	3520
3691	3521
7962	3522
8748	3523
5126	3524
6553	3525
7749	3526
7750	3527
5657	3528
653	3529
3987	3530
1261	3531
7518	3532
7767	3533
8019	3534
255	3535
6567	3536
4044	3537
336	3538
3486	3539
4095	3540
7769	3541
336	3542
2085	3543
1037	3544
794	3545
3568	3546
683	3547
5780	3548
2013	3549
439	3550
1315	3551
8943	3552
7306	3553
3669	3554
5738	3555
3402	3556
7991	3557
7839	3558
2387	3559
3947	3560
2951	3561
5407	3562
3212	3563
2051	3564
1657	3565
2366	3566
43	3567
977	3568
3383	3569
7700	3570
6406	3571
5857	3572
7259	3573
2290	3574
4461	3575
2892	3576
3324	3577
2094	3578
7782	3579
6786	3580
2588	3581
6712	3582
8964	3583
6746	3584
2146	3585
150	3586
2443	3587
1388	3588
8015	3589
408	3590
4085	3591
19	3592
429	3593
5343	3594
6774	3595
1906	3596
7267	3597
6982	3598
6602	3599
2927	3600
338	3601
2118	3602
5052	3603
7187	3604
6552	3605
6543	3606
3074	3607
7001	3608
5004	3609
3783	3610
3351	3611
518	3612
8909	3613
5913	3614
4593	3615
1240	3616
2555	3617
8405	3618
4527	3619
7596	3620
6545	3621
3655	3622
1200	3623
8793	3624
4529	3625
7129	3626
4760	3627
375	3628
4350	3629
3150	3630
5741	3631
6678	3632
4886	3633
7279	3634
3151	3635
2823	3636
740	3637
2059	3638
2983	3639
5016	3640
3247	3641
7722	3642
7706	3643
7783	3644
6153	3645
205	3646
7093	3647
5017	3648
5258	3649
4841	3650
322	3651
3728	3652
2000	3653
3382	3654
6643	3655
8177	3656
1050	3657
7020	3658
2537	3659
3249	3660
8307	3661
5397	3662
640	3663
988	3664
624	3665
619	3666
647	3667
8347	3668
3587	3669
4701	3670
4956	3671
3320	3672
7234	3673
8811	3674
51	3675
6802	3676
669	3677
596	3678
8042	3679
1179	3680
8141	3681
1592	3682
8788	3683
223	3684
497	3685
3182	3686
5580	3687
2581	3688
266	3689
68	3690
5816	3691
1509	3692
7386	3693
1058	3694
2663	3695
5525	3696
2591	3697
6004	3698
2632	3699
1216	3700
8374	3701
3522	3702
1874	3703
1998	3704
16	3705
8308	3706
2589	3707
1507	3708
873	3709
5858	3710
2597	3711
9013	3712
6906	3713
2481	3714
3211	3715
2762	3716
1733	3717
6273	3718
7831	3719
6635	3720
4668	3721
98	3722
7833	3723
6274	3724
1019	3725
761	3726
8566	3727
719	3728
3656	3729
3886	3730
7843	3731
7000	3732
4231	3733
7859	3734
642	3735
7856	3736
2730	3737
2272	3738
2700	3739
5507	3740
7867	3741
4882	3742
2671	3743
5269	3744
7315	3745
5631	3746
8671	3747
42	3748
3160	3749
7297	3750
1749	3751
5379	3752
4553	3753
4510	3754
6178	3755
4034	3756
7944	3757
7870	3758
267	3759
4690	3760
4816	3761
1121	3762
3478	3763
5771	3764
8047	3765
3668	3766
4972	3767
7396	3768
203	3769
707	3770
3631	3771
1593	3772
391	3773
1837	3774
7056	3775
3262	3776
717	3777
1700	3778
1095	3779
6682	3780
18	3781
2161	3782
6181	3783
797	3784
8	3785
8	3786
5137	3787
5363	3788
8767	3789
4560	3790
5340	3791
756	3792
7640	3793
4966	3794
7890	3795
328	3796
7759	3797
7883	3798
8009	3799
5351	3800
648	3801
8677	3802
4212	3803
2684	3804
898	3805
1855	3806
1856	3807
242	3808
2584	3809
179	3810
4767	3811
499	3812
5236	3813
8065	3814
231	3815
3479	3816
1408	3817
158	3818
8383	3819
5764	3820
203	3821
7929	3822
5210	3823
7887	3824
1411	3825
4577	3826
1876	3827
83	3828
8460	3829
9003	3830
2254	3831
6158	3832
4817	3833
5192	3834
2090	3835
1434	3836
504	3837
2484	3838
5598	3839
2287	3840
5444	3841
5573	3842
4229	3843
6211	3844
6748	3845
5989	3846
7385	3847
4003	3848
207	3849
3606	3850
5479	3851
6513	3852
1995	3853
4051	3854
476	3855
8204	3856
8531	3857
3223	3858
4054	3859
3438	3860
8686	3861
428	3862
7081	3863
3042	3864
4244	3865
325	3866
373	3867
5938	3868
5518	3869
2763	3870
7634	3871
6032	3872
453	3873
211	3874
6146	3875
6871	3876
73	3877
160	3878
4357	3879
3217	3880
3070	3881
342	3882
4943	3883
2653	3884
8561	3885
5432	3886
2871	3887
7288	3888
2670	3889
599	3890
8599	3891
8777	3892
6183	3893
3607	3894
7932	3895
7358	3896
6438	3897
118	3898
7937	3899
5293	3900
5987	3901
6755	3902
2450	3903
6002	3904
389	3905
1208	3906
2	3907
8116	3908
2679	3909
504	3910
6190	3911
7190	3912
8610	3913
6658	3914
7653	3915
1691	3916
4653	3917
4852	3918
5296	3919
8472	3920
470	3921
6544	3922
6582	3923
7219	3924
3260	3925
4888	3926
6580	3927
4033	3928
4550	3929
2882	3930
8199	3931
3892	3932
8201	3933
8952	3934
3563	3935
1954	3936
384	3937
1527	3938
5298	3939
7499	3940
2460	3941
73	3942
782	3943
5968	3944
3111	3945
2673	3946
81	3947
3707	3948
104	3949
7336	3950
1285	3951
1839	3952
2607	3953
1590	3954
9017	3955
3014	3956
3834	3957
691	3958
7780	3959
7947	3960
655	3961
1469	3962
5272	3963
512	3964
3343	3965
2722	3966
162	3967
80	3968
789	3969
4089	3970
7677	3971
5433	3972
220	3973
7525	3974
7235	3975
4232	3976
8894	3977
68	3978
581	3979
7164	3980
67	3981
647	3982
2523	3983
3131	3984
1268	3985
4944	3986
7627	3987
476	3988
4222	3989
8697	3990
4109	3991
2968	3992
646	3993
6629	3994
1963	3995
3764	3996
20	3997
2377	3998
8942	3999
6148	4000
2150	4001
8751	4002
1915	4003
8560	4004
4921	4005
7476	4006
9016	4007
4930	4008
6972	4009
6751	4010
3536	4011
107	4012
1406	4013
5326	4014
6603	4015
6764	4016
8609	4017
205	4018
271	4019
676	4020
7460	4021
4970	4022
5843	4023
796	4024
5649	4025
560	4026
8063	4027
6857	4028
7625	4029
101	4030
6894	4031
7838	4032
7850	4033
399	4034
585	4035
589	4036
712	4037
1463	4038
261	4039
16	4040
4159	4041
722	4042
6246	4043
6204	4044
6659	4045
5726	4046
115	4047
2023	4048
8016	4049
7557	4050
7	4051
7558	4052
8445	4053
380	4054
5317	4055
1503	4056
5196	4057
7712	4058
8670	4059
5151	4060
412	4061
3350	4062
3353	4063
5562	4064
6200	4065
6003	4066
3342	4067
919	4068
411	4069
7810	4070
6638	4071
820	4072
6876	4073
6907	4074
371	4075
6967	4076
195	4077
2691	4078
601	4079
2285	4080
397	4081
8160	4082
4215	4083
4243	4084
4150	4085
7418	4086
501	4087
1342	4088
174	4089
276	4090
8417	4091
1497	4092
8792	4093
6291	4094
1490	4095
8644	4096
4205	4097
7060	4098
311	4099
5450	4100
8991	4101
395	4102
501	4103
684	4104
1130	4105
1583	4106
3790	4107
7968	4108
64	4109
7790	4110
368	4111
6752	4112
1828	4113
253	4114
1814	4115
306	4116
6944	4117
1777	4118
7567	4119
5811	4120
8511	4121
7451	4122
6404	4123
4405	4124
2900	4125
6933	4126
6319	4127
2533	4128
1	4129
7245	4130
187	4131
7770	4132
8922	4133
2495	4134
8182	4135
2139	4136
7412	4137
3885	4138
6490	4139
800	4140
8642	4141
8731	4142
2431	4143
519	4144
2363	4145
7509	4146
4242	4147
3298	4148
4323	4149
7760	4150
8431	4151
3020	4152
747	4153
7911	4154
538	4155
7897	4156
1358	4157
158	4158
7662	4159
7754	4160
1552	4161
3087	4162
538	4163
2977	4164
8780	4165
7391	4166
1694	4167
7444	4168
5720	4169
7979	4170
8850	4171
4619	4172
3534	4173
4765	4174
1	4175
4190	4176
327	4177
2904	4178
629	4179
8773	4180
5619	4181
6132	4182
3109	4183
8335	4184
1650	4185
8013	4186
6693	4187
8229	4188
1934	4189
8502	4190
50	4191
5302	4192
732	4193
6212	4194
9012	4195
3653	4196
5541	4197
2856	4198
2854	4199
2504	4200
2338	4201
3856	4202
4681	4203
758	4204
428	4205
8099	4206
3291	4207
3411	4208
520	4209
1567	4210
3240	4211
8344	4212
651	4213
8506	4214
8338	4215
453	4216
4172	4217
3630	4218
2943	4219
4639	4220
7139	4221
657	4222
4	4223
8978	4224
8026	4225
7309	4226
4211	4227
6662	4228
2755	4229
2176	4230
4468	4231
171	4232
8139	4233
4637	4234
1003	4235
5400	4236
7544	4237
5689	4238
3757	4239
3857	4240
7034	4241
8714	4242
776	4243
5821	4244
5870	4245
59	4246
4568	4247
2861	4248
4912	4249
3127	4250
2506	4251
6027	4252
6542	4253
6940	4254
3817	4255
6292	4256
406	4257
648	4258
3205	4259
2033	4260
8089	4261
3008	4262
36	4263
1554	4264
4345	4265
6497	4266
5086	4267
167	4268
2019	4269
4901	4270
1763	4271
4154	4272
1943	4273
5227	4274
2131	4275
178	4276
6423	4277
5251	4278
3315	4279
3984	4280
5509	4281
5751	4282
5279	4283
5844	4284
6161	4285
555	4286
1801	4287
6735	4288
5752	4289
4736	4290
2814	4291
783	4292
8185	4293
1349	4294
6503	4295
176	4296
4600	4297
7439	4298
2569	4299
5276	4300
7914	4301
1020	4302
8957	4303
1555	4304
5050	4305
4145	4306
7966	4307
8316	4308
3186	4309
3275	4310
4984	4311
4352	4312
6182	4313
3235	4314
643	4315
4167	4316
8465	4317
7229	4318
4322	4319
5636	4320
107	4321
293	4322
3771	4323
8948	4324
644	4325
1603	4326
38	4327
721	4328
2006	4329
7194	4330
7195	4331
7635	4332
8164	4333
185	4334
7522	4335
5395	4336
5779	4337
6943	4338
7903	4339
153	4340
27	4341
1027	4342
4824	4343
5232	4344
726	4345
2289	4346
6657	4347
2568	4348
1338	4349
5061	4350
6098	4351
552	4352
6412	4353
7166	4354
7403	4355
5038	4356
2252	4357
6427	4358
596	4359
6618	4360
4769	4361
7291	4362
4531	4363
212	4364
1676	4365
3048	4366
6209	4367
7402	4368
6683	4369
8039	4370
167	4371
905	4372
2734	4373
2478	4374
6799	4375
4827	4376
3598	4377
7940	4378
3916	4379
2483	4380
1717	4381
7318	4382
1653	4383
3871	4384
5322	4385
4449	4386
636	4387
3929	4388
5324	4389
8049	4390
5091	4391
3638	4392
4613	4393
3391	4394
749	4395
318	4396
530	4397
4307	4398
3921	4399
8543	4400
3978	4401
6461	4402
4442	4403
6733	4404
33	4405
1151	4406
1573	4407
1356	4408
3492	4409
5215	4410
696	4411
7090	4412
1350	4413
4507	4414
4420	4415
5549	4416
107	4417
177	4418
8743	4419
378	4420
470	4421
6677	4422
579	4423
3295	4424
1287	4425
3357	4426
1394	4427
8537	4428
8832	4429
8176	4430
7889	4431
1270	4432
6112	4433
8664	4434
1731	4435
6676	4436
4078	4437
1244	4438
5840	4439
8119	4440
3354	4441
6491	4442
7716	4443
8381	4444
8932	4445
5211	4446
4017	4447
3632	4448
4950	4449
1115	4450
1013	4451
446	4452
1536	4453
644	4454
8982	4455
55	4456
388	4457
4777	4458
4802	4459
7307	4460
253	4461
1024	4462
2231	4463
1514	4464
1832	4465
2365	4466
671	4467
7429	4468
6992	4469
6671	4470
5449	4471
8285	4472
824	4473
92	4474
847	4475
858	4476
843	4477
4818	4478
6736	4479
11	4480
3	4481
4570	4482
8336	4483
325	4484
6963	4485
7997	4486
2634	4487
3134	4488
705	4489
5517	4490
1276	4491
7862	4492
7853	4493
8075	4494
8923	4495
8219	4496
8115	4497
1424	4498
3497	4499
7397	4500
6788	4501
5966	4502
5164	4503
2156	4504
2756	4505
6975	4506
613	4507
2618	4508
3565	4509
2179	4510
400	4511
529	4512
5401	4513
139	4514
3977	4515
1598	4516
6660	4517
7320	4518
5081	4519
8456	4520
4459	4521
1	4522
5206	4523
6861	4524
5336	4525
8121	4526
6394	4527
8905	4528
120	4529
5003	4530
7877	4531
4066	4532
4806	4533
4724	4534
2743	4535
7988	4536
8025	4537
8880	4538
7099	4539
8128	4540
3651	4541
3082	4542
844	4543
989	4544
845	4545
3084	4546
849	4547
1075	4548
2123	4549
5441	4550
5228	4551
1073	4552
4697	4553
1574	4554
866	4555
859	4556
1118	4557
6241	4558
961	4559
6091	4560
5568	4561
724	4562
3432	4563
4939	4564
834	4565
7943	4566
1085	4567
5364	4568
5352	4569
1442	4570
860	4571
846	4572
774	4573
837	4574
3088	4575
972	4576
840	4577
3089	4578
1986	4579
5009	4580
6772	4581
156	4582
841	4583
2178	4584
4059	4585
8210	4586
562	4587
6665	4588
8145	4589
2687	4590
1183	4591
3253	4592
8317	4593
1544	4594
5515	4595
6616	4596
1021	4597
8138	4598
717	4599
8152	4600
1283	4601
1292	4602
7133	4603
6540	4604
3011	4605
8155	4606
5557	4607
7175	4608
4075	4609
4506	4610
5338	4611
2888	4612
2122	4613
3227	4614
1897	4615
4448	4616
690	4617
6509	4618
430	4619
8122	4620
455	4621
7270	4622
6760	4623
817	4624
573	4625
6583	4626
8036	4627
3555	4628
8129	4629
8468	4630
5584	4631
1420	4632
5832	4633
1820	4634
6495	4635
1721	4636
17	4637
5213	4638
4147	4639
475	4640
8320	4641
1965	4642
2293	4643
2323	4644
2318	4645
2227	4646
2216	4647
2249	4648
2247	4649
2314	4650
2348	4651
6615	4652
8196	4653
5416	4654
370	4655
7337	4656
5341	4657
2538	4658
1860	4659
515	4660
5762	4661
5261	4662
1009	4663
5710	4664
5756	4665
2291	4666
652	4667
1630	4668
3910	4669
4518	4670
8283	4671
1696	4672
1203	4673
5566	4674
8054	4675
3775	4676
2795	4677
895	4678
2616	4679
2683	4680
8641	4681
7013	4682
6797	4683
7809	4684
6891	4685
3254	4686
1372	4687
323	4688
6122	4689
6465	4690
5387	4691
1501	4692
2275	4693
318	4694
5846	4695
413	4696
5789	4697
5133	4698
3040	4699
8228	4700
5608	4701
5878	4702
2113	4703
8173	4704
744	4705
1797	4706
2853	4707
5927	4708
691	4709
2988	4710
1243	4711
5606	4712
3837	4713
5967	4714
1439	4715
3634	4716
3171	4717
404	4718
330	4719
726	4720
8066	4721
2841	4722
4894	4723
440	4724
2435	4725
7719	4726
3484	4727
6763	4728
8672	4729
7885	4730
7741	4731
2236	4732
1202	4733
2405	4734
5823	4735
6355	4736
5463	4737
508	4738
7757	4739
1798	4740
513	4741
2195	4742
5941	4743
2746	4744
4090	4745
7055	4746
2278	4747
8310	4748
6408	4749
2655	4750
3110	4751
4661	4752
5818	4753
689	4754
8331	4755
6079	4756
7350	4757
7746	4758
4255	4759
8385	4760
7009	4761
2271	4762
8226	4763
8236	4764
4450	4765
1233	4766
4563	4767
443	4768
85	4769
631	4770
6193	4771
4216	4772
3488	4773
4392	4774
6129	4775
4259	4776
3596	4777
733	4778
7007	4779
8233	4780
1099	4781
8237	4782
1732	4783
6409	4784
8382	4785
5159	4786
4194	4787
6242	4788
7701	4789
2937	4790
8044	4791
4393	4792
1699	4793
202	4794
8245	4795
6162	4796
323	4797
7521	4798
3935	4799
1297	4800
4976	4801
2026	4802
697	4803
2032	4804
1871	4805
8757	4806
387	4807
8457	4808
6481	4809
8778	4810
5973	4811
635	4812
3456	4813
8674	4814
7583	4815
6099	4816
8300	4817
723	4818
7678	4819
8242	4820
2901	4821
2426	4822
2550	4823
8284	4824
983	4825
8286	4826
1454	4827
8202	4828
3336	4829
6528	4830
116	4831
9018	4832
7886	4833
2984	4834
1116	4835
197	4836
2499	4837
106	4838
7715	4839
2685	4840
7378	4841
8296	4842
617	4843
61	4844
61	4845
61	4846
8459	4847
7469	4848
8207	4849
3187	4850
2876	4851
3185	4852
387	4853
2199	4854
6847	4855
4032	4856
6960	4857
4199	4858
3489	4859
2149	4860
5493	4861
1601	4862
118	4863
49	4864
1715	4865
2693	4866
1875	4867
8951	4868
168	4869
168	4870
3884	4871
6092	4872
6320	4873
6909	4874
5386	4875
704	4876
8351	4877
8312	4878
4691	4879
2559	4880
6455	4881
1826	4882
3012	4883
8109	4884
869	4885
8762	4886
2140	4887
6877	4888
64	4889
14	4890
5694	4891
865	4892
4718	4893
5953	4894
5864	4895
1006	4896
2497	4897
953	4898
1865	4899
3593	4900
7734	4901
2921	4902
7048	4903
1525	4904
3599	4905
2092	4906
6578	4907
6860	4908
303	4909
7212	4910
117	4911
6082	4912
6063	4913
1981	4914
8293	4915
232	4916
3329	4917
7272	4918
5696	4919
3812	4920
7246	4921
2612	4922
6398	4923
7308	4924
3297	4925
8419	4926
8592	4927
558	4928
3693	4929
12	4930
7660	4931
3007	4932
6156	4933
3145	4934
5804	4935
6446	4936
706	4937
6216	4938
780	4939
789	4940
710	4941
5124	4942
1252	4943
7206	4944
9	4945
322	4946
1212	4947
2771	4948
350	4949
5082	4950
8127	4951
1702	4952
82	4953
3206	4954
2792	4955
8235	4956
1230	4957
3394	4958
2613	4959
4170	4960
3436	4961
4903	4962
6873	4963
6021	4964
5795	4965
8937	4966
227	4967
8372	4968
5841	4969
8373	4970
4251	4971
1264	4972
2857	4973
7536	4974
2207	4975
6925	4976
4443	4977
8392	4978
2192	4979
4834	4980
8027	4981
4567	4982
1793	4983
8729	4984
1572	4985
4012	4986
132	4987
5	4988
1038	4989
6368	4990
661	4991
3188	4992
8375	4993
8377	4994
2963	4995
235	4996
5916	4997
6418	4998
863	4999
4962	5000
2453	5001
1314	5002
3991	5003
4182	5004
7849	5005
7639	5006
621	5007
2152	5008
39	5009
568	5010
7345	5011
7855	5012
266	5013
1682	5014
2567	5015
3058	5016
3154	5017
2636	5018
2609	5019
8676	5020
1680	5021
6365	5022
2429	5023
3715	5024
6056	5025
6145	5026
1853	5027
7207	5028
6445	5029
6934	5030
2602	5031
7555	5032
5787	5033
6479	5034
3866	5035
6271	5036
7528	5037
6420	5038
2681	5039
8434	5040
1666	5041
8662	5042
5077	5043
4174	5044
3982	5045
7199	5046
401	5047
4919	5048
3168	5049
791	5050
3711	5051
7112	5052
1738	5053
5822	5054
6723	5055
8401	5056
892	5057
3891	5058
4173	5059
49	5060
236	5061
3501	5062
5637	5063
3524	5064
4201	5065
8959	5066
5143	5067
3704	5068
3804	5069
6143	5070
8406	5071
6488	5072
7011	5073
1440	5074
8275	5075
465	5076
2002	5077
6105	5078
2153	5079
397	5080
6610	5081
308	5082
22	5083
461	5084
778	5085
4398	5086
7942	5087
5971	5088
815	5089
191	5090
3340	5091
762	5092
540	5093
216	5094
6101	5095
5403	5096
3600	5097
113	5098
2891	5099
6260	5100
1007	5101
3646	5102
6303	5103
7515	5104
6429	5105
6300	5106
6354	5107
3752	5108
213	5109
5226	5110
239	5111
5252	5112
618	5113
2384	5114
6913	5115
2521	5116
3964	5117
5013	5118
116	5119
6927	5120
877	5121
8479	5122
7736	5123
3500	5124
8594	5125
5655	5126
8489	5127
4596	5128
630	5129
2649	5130
8542	5131
100	5132
2047	5133
4013	5134
4328	5135
6836	5136
4498	5137
7299	5138
4134	5139
8591	5140
3300	5141
8939	5142
4218	5143
1345	5144
7685	5145
6928	5146
6654	5147
8737	5148
6251	5149
6895	5150
781	5151
7793	5152
3569	5153
2385	5154
4053	5155
4622	5156
7192	5157
4900	5158
4149	5159
740	5160
4855	5161
4543	5162
3726	5163
4087	5164
8096	5165
6013	5166
48	5167
34	5168
438	5169
1425	5170
5127	5171
4872	5172
732	5173
2147	5174
5119	5175
1611	5176
5467	5177
674	5178
3613	5179
2586	5180
7240	5181
7957	5182
5458	5183
979	5184
2717	5185
7698	5186
162	5187
217	5188
7311	5189
5111	5190
7436	5191
1427	5192
3384	5193
7772	5194
1464	5195
2030	5196
7864	5197
2716	5198
3447	5199
5285	5200
133	5201
720	5202
6581	5203
4346	5204
7563	5205
1360	5206
3061	5207
3888	5208
2875	5209
3533	5210
874	5211
1787	5212
50	5213
3956	5214
417	5215
3648	5216
917	5217
395	5218
6240	5219
341	5220
5666	5221
144	5222
5499	5223
7702	5224
134	5225
5280	5226
1142	5227
857	5228
258	5229
69	5230
445	5231
2903	5232
7017	5233
4566	5234
3873	5235
6966	5236
3798	5237
1357	5238
6307	5239
3505	5240
3591	5241
5986	5242
275	5243
659	5244
115	5245
215	5246
7058	5247
3943	5248
2184	5249
6075	5250
8911	5251
598	5252
1017	5253
8630	5254
2128	5255
5442	5256
7876	5257
3979	5258
8827	5259
3101	5260
2992	5261
20	5262
5273	5263
6213	5264
7152	5265
7524	5266
7705	5267
6817	5268
3274	5269
1470	5270
2544	5271
1192	5272
730	5273
70	5274
55	5275
1625	5276
8318	5277
5097	5278
620	5279
5320	5280
4181	5281
317	5282
317	5283
4561	5284
5452	5285
1286	5286
8441	5287
2932	5288
3255	5289
1271	5290
3429	5291
768	5292
509	5293
245	5294
5835	5295
5235	5296
7434	5297
8191	5298
7982	5299
6758	5300
4041	5301
2712	5302
4423	5303
779	5304
8871	5305
7053	5306
4780	5307
2274	5308
312	5309
5921	5310
677	5311
3425	5312
1825	5313
3495	5314
3612	5315
4386	5316
2812	5317
24	5318
7113	5319
4441	5320
1686	5321
8803	5322
4932	5323
424	5324
995	5325
2593	5326
7871	5327
4103	5328
7907	5329
698	5330
597	5331
4823	5332
1649	5333
5730	5334
590	5335
3232	5336
442	5337
4535	5338
775	5339
3158	5340
888	5341
14	5342
5246	5343
5076	5344
1736	5345
786	5346
15	5347
6732	5348
4284	5349
6649	5350
3241	5351
7244	5352
641	5353
8895	5354
342	5355
4995	5356
5257	5357
6119	5358
1246	5359
697	5360
5616	5361
5088	5362
2169	5363
6929	5364
590	5365
255	5366
1608	5367
300	5368
1253	5369
2708	5370
80	5371
95	5372
8946	5373
357	5374
7569	5375
3864	5376
8189	5377
5848	5378
5488	5379
110	5380
1516	5381
7837	5382
5247	5383
8180	5384
5290	5385
2446	5386
8447	5387
277	5388
440	5389
5424	5390
30	5391
15	5392
8879	5393
8362	5394
8452	5395
2953	5396
4853	5397
7666	5398
5345	5399
3435	5400
6312	5401
7834	5402
7511	5403
835	5404
2255	5405
6318	5406
313	5407
8074	5408
1835	5409
5508	5410
4467	5411
1224	5412
4256	5413
1778	5414
7162	5415
89	5416
4774	5417
3894	5418
293	5419
8148	5420
7448	5421
2849	5422
5136	5423
2474	5424
1881	5425
2726	5426
4476	5427
8463	5428
8464	5429
8944	5430
7287	5431
6123	5432
7624	5433
1622	5434
3176	5435
768	5436
2893	5437
5430	5438
918	5439
426	5440
2874	5441
727	5442
6010	5443
1780	5444
173	5445
498	5446
1177	5447
5112	5448
5315	5449
2551	5450
694	5451
8621	5452
734	5453
4861	5454
823	5455
1113	5456
8474	5457
1165	5458
8475	5459
8396	5460
2031	5461
88	5462
4840	5463
8478	5464
2237	5465
4210	5466
2491	5467
6741	5468
106	5469
1281	5470
6041	5471
3677	5472
8481	5473
8918	5474
1157	5475
5145	5476
8484	5477
4862	5478
2283	5479
8518	5480
220	5481
1604	5482
7077	5483
7165	5484
7313	5485
6595	5486
6571	5487
1238	5488
96	5489
5902	5490
6299	5491
31	5492
31	5493
5318	5494
682	5495
1548	5496
2698	5497
4011	5498
6869	5499
175	5500
4620	5501
5609	5502
5554	5503
2676	5504
6945	5505
5731	5506
6743	5507
542	5508
14	5509
2690	5510
7351	5511
3106	5512
8539	5513
2046	5514
775	5515
8549	5516
8538	5517
3898	5518
6250	5519
6675	5520
3681	5521
85	5522
6825	5523
1894	5524
8248	5525
4339	5526
4113	5527
2214	5528
4168	5529
8682	5530
5900	5531
569	5532
6295	5533
2248	5534
645	5535
164	5536
6987	5537
628	5538
8224	5539
994	5540
45	5541
7424	5542
7465	5543
2905	5544
2532	5545
1316	5546
6160	5547
7818	5548
8425	5549
5428	5550
6396	5551
422	5552
1178	5553
6133	5554
2419	5555
851	5556
7762	5557
1944	5558
2101	5559
2806	5560
2508	5561
2246	5562
2288	5563
2295	5564
2313	5565
2245	5566
2297	5567
2346	5568
2364	5569
2306	5570
2361	5571
2345	5572
2302	5573
2316	5574
2322	5575
2308	5576
2268	5577
2307	5578
2259	5579
2226	5580
2224	5581
2222	5582
2371	5583
2380	5584
2373	5585
2315	5586
2088	5587
1466	5588
1300	5589
1304	5590
1495	5591
1456	5592
2279	5593
8101	5594
1032	5595
5307	5596
8151	5597
8154	5598
2191	5599
5073	5600
2770	5601
4347	5602
8782	5603
1626	5604
5582	5605
1402	5606
531	5607
4030	5608
4557	5609
1429	5610
6419	5611
14	5612
8315	5613
97	5614
996	5615
8446	5616
3001	5617
4569	5618
3511	5619
2631	5620
7874	5621
1288	5622
5538	5623
8815	5624
572	5625
4391	5626
6326	5627
6375	5628
5304	5629
6453	5630
8775	5631
6952	5632
2769	5633
4710	5634
8836	5635
4340	5636
477	5637
4433	5638
5980	5639
491	5640
2411	5641
8885	5642
1634	5643
1493	5644
270	5645
4188	5646
7952	5647
6701	5648
3102	5649
5572	5650
4770	5651
4813	5652
6033	5653
8633	5654
4192	5655
5923	5656
3159	5657
6922	5658
4152	5659
4597	5660
3703	5661
6377	5662
3879	5663
4025	5664
6100	5665
127	5666
3687	5667
3521	5668
403	5669
7725	5670
7054	5671
5394	5672
6350	5673
1487	5674
7204	5675
62	5676
8601	5677
8755	5678
125	5679
6549	5680
405	5681
6255	5682
8387	5683
3818	5684
8131	5685
5021	5686
4083	5687
5776	5688
1363	5689
7223	5690
5812	5691
5229	5692
5153	5693
3023	5694
6371	5695
6787	5696
2276	5697
2728	5698
2702	5699
6696	5700
7665	5701
5030	5702
2573	5703
3801	5704
1600	5705
248	5706
8379	5707
359	5708
587	5709
1082	5710
8200	5711
4905	5712
7082	5713
5456	5714
1896	5715
8588	5716
2077	5717
7480	5718
2630	5719
1785	5720
6074	5721
7775	5722
8709	5723
2401	5724
5413	5725
6762	5726
7680	5727
1339	5728
8651	5729
3461	5730
629	5731
7443	5732
4687	5733
473	5734
493	5735
1369	5736
3019	5737
7732	5738
260	5739
5754	5740
4654	5741
5728	5742
5362	5743
124	5744
3472	5745
1917	5746
8522	5747
7804	5748
8891	5749
6684	5750
1566	5751
4458	5752
51	5753
6916	5754
3712	5755
2799	5756
7695	5757
7404	5758
8611	5759
8266	5760
744	5761
4289	5762
8163	5763
8014	5764
1892	5765
4455	5766
5149	5767
394	5768
8699	5769
7024	5770
1833	5771
2494	5772
1805	5773
5165	5774
4197	5775
2579	5776
5532	5777
6358	5778
7086	5779
7954	5780
5629	5781
1106	5782
7727	5783
5331	5784
4055	5785
964	5786
8744	5787
6324	5788
6710	5789
1730	5790
4704	5791
7868	5792
55	5793
5933	5794
2250	5795
4776	5796
7188	5797
4415	5798
8563	5799
1231	5800
1163	5801
8565	5802
2455	5803
5457	5804
32	5805
6344	5806
8404	5807
21	5808
689	5809
8765	5810
7945	5811
4634	5812
463	5813
8570	5814
3057	5815
3	5816
769	5817
1850	5818
2885	5819
984	5820
8572	5821
655	5822
8689	5823
4373	5824
5903	5825
8371	5826
5383	5827
1416	5828
4664	5829
8469	5830
2783	5831
8576	5832
3682	5833
3832	5834
8567	5835
9010	5836
4472	5837
8577	5838
4375	5839
123	5840
5240	5841
7860	5842
3459	5843
5940	5844
249	5845
5462	5846
7745	5847
2204	5848
3575	5849
7484	5850
4720	5851
7607	5852
8604	5853
1399	5854
3281	5855
6031	5856
6896	5857
1988	5858
1405	5859
1511	5860
2571	5861
1263	5862
4060	5863
3535	5864
227	5865
5897	5866
2162	5867
5976	5868
2292	5869
3797	5870
8037	5871
1827	5872
4916	5873
1154	5874
6342	5875
5376	5876
4226	5877
1190	5878
816	5879
7271	5880
361	5881
7354	5882
1437	5883
8888	5884
2273	5885
737	5886
6568	5887
1661	5888
6253	5889
5920	5890
2284	5891
1340	5892
4649	5893
8573	5894
2596	5895
4315	5896
4884	5897
2759	5898
1145	5899
269	5900
6779	5901
955	5902
392	5903
1144	5904
2572	5905
6886	5906
5445	5907
3944	5908
4847	5909
1	5910
1445	5911
4445	5912
6514	5913
345	5914
8515	5915
4008	5916
5837	5917
104	5918
63	5919
6690	5920
2895	5921
3702	5922
6137	5923
1137	5924
5529	5925
5470	5926
8620	5927
5851	5928
703	5929
741	5930
5175	5931
3287	5932
4904	5933
8358	5934
8623	5935
4480	5936
7043	5937
5474	5938
8693	5939
1267	5940
1621	5941
193	5942
6818	5943
7502	5944
2144	5945
750	5946
3193	5947
209	5948
8687	5949
6169	5950
3207	5951
145	5952
4516	5953
1851	5954
4686	5955
2403	5956
1092	5957
5476	5958
8976	5959
1062	5960
912	5961
53	5962
8627	5963
2143	5964
64	5965
6839	5966
8639	5967
3072	5968
7286	5969
116	5970
426	5971
6362	5972
7992	5973
3312	5974
753	5975
2659	5976
4064	5977
6776	5978
3953	5979
4301	5980
1537	5981
662	5982
454	5983
1379	5984
3650	5985
90	5986
6236	5987
8443	5988
12	5989
6656	5990
6233	5991
767	5992
4947	5993
8643	5994
454	5995
8685	5996
5080	5997
1390	5998
1056	5999
7936	6000
5380	6001
1031	6002
5498	6003
8278	6004
4014	6005
3034	6006
1683	6007
5138	6008
472	6009
673	6010
5519	6011
1789	6012
6341	6013
6609	6014
319	6015
4336	6016
553	6017
7039	6018
5062	6019
3143	6020
2436	6021
2262	6022
2374	6023
4114	6024
138	6025
1209	6026
8062	6027
4656	6028
31	6029
1473	6030
3562	6031
1475	6032
5977	6033
8501	6034
6231	6035
6086	6036
3400	6037
8640	6038
8553	6039
4002	6040
5129	6041
6267	6042
2420	6043
3841	6044
6077	6045
6218	6046
7592	6047
6608	6048
5717	6049
8416	6050
2075	6051
5553	6052
7900	6053
8388	6054
1450	6055
4408	6056
8695	6057
326	6058
5723	6059
2234	6060
446	6061
7327	6062
4988	6063
7632	6064
8861	6065
72	6066
3140	6067
22	6068
672	6069
1707	6070
2902	6071
8505	6072
541	6073
600	6074
4540	6075
5205	6076
5063	6077
6045	6078
5915	6079
383	6080
6373	6081
897	6082
20	6083
4006	6084
19	6085
7174	6086
59	6087
8341	6088
2330	6089
731	6090
3528	6091
5745	6092
6283	6093
7647	6094
1542	6095
6115	6096
8073	6097
8339	6098
1245	6099
1602	6100
7740	6101
8981	6102
6845	6103
7508	6104
8825	6105
8924	6106
2469	6107
1743	6108
6310	6109
2729	6110
105	6111
8624	6112
2646	6113
4241	6114
7693	6115
4366	6116
3476	6117
5746	6118
1671	6119
1223	6120
259	6121
6718	6122
458	6123
4678	6124
1931	6125
7372	6126
46	6127
420	6128
4358	6129
6719	6130
8143	6131
3374	6132
5669	6133
7763	6134
46	6135
2054	6136
3725	6137
3191	6138
3724	6139
91	6140
7836	6141
4667	6142
4484	6143
5761	6144
3368	6145
5510	6146
6586	6147
8011	6148
4644	6149
5169	6150
15	6151
4396	6152
4647	6153
1159	6154
6950	6155
769	6156
956	6157
8612	6158
767	6159
514	6160
7792	6161
8532	6162
2852	6163
4292	6164
4319	6165
622	6166
6587	6167
5793	6168
3236	6169
231	6170
4949	6171
2312	6172
2487	6173
6425	6174
887	6175
6573	6176
3749	6177
358	6178
4655	6179
5	6180
6492	6181
8928	6182
5006	6183
4757	6184
3067	6185
3629	6186
8067	6187
7316	6188
3911	6189
2657	6190
992	6191
5482	6192
4388	6193
700	6194
5297	6195
6087	6196
2200	6197
4280	6198
8380	6199
8137	6200
1374	6201
5117	6202
1628	6203
6085	6204
96	6205
6767	6206
5265	6207
4626	6208
4788	6209
8080	6210
7149	6211
43	6212
26	6213
8710	6214
7449	6215
7310	6216
444	6217
7485	6218
8769	6219
8890	6220
766	6221
8181	6222
6604	6223
514	6224
200	6225
7131	6226
6666	6227
632	6228
5263	6229
185	6230
4692	6231
4503	6232
6130	6233
8875	6234
199	6235
8798	6236
8750	6237
8999	6238
4162	6239
105	6240
4293	6241
8327	6242
268	6243
1967	6244
3808	6245
5402	6246
5721	6247
6653	6248
485	6249
7707	6250
503	6251
3117	6252
8274	6253
682	6254
8884	6255
864	6256
7588	6257
372	6258
5675	6259
4412	6260
5564	6261
5740	6262
2084	6263
8759	6264
6207	6265
1976	6266
7348	6267
6084	6268
5218	6269
8192	6270
5944	6271
8988	6272
1895	6273
4810	6274
4896	6275
3266	6276
7302	6277
7672	6278
8654	6279
6088	6280
8333	6281
4804	6282
549	6283
6844	6284
2766	6285
4148	6286
27	6287
2842	6288
8282	6289
7285	6290
1367	6291
1886	6292
169	6293
760	6294
7084	6295
1745	6296
8430	6297
1569	6298
3112	6299
4395	6300
583	6301
5829	6302
3314	6303
1103	6304
211	6305
216	6306
7373	6307
6385	6308
6188	6309
1553	6310
4951	6311
8935	6312
1941	6313
6670	6314
6269	6315
449	6316
2540	6317
2819	6318
4576	6319
6757	6320
1784	6321
4198	6322
6151	6323
1256	6324
7108	6325
226	6326
1594	6327
6259	6328
8450	6329
3190	6330
295	6331
4689	6332
1332	6333
8857	6334
1305	6335
6448	6336
6744	6337
4376	6338
6154	6339
4688	6340
7032	6341
3408	6342
6937	6343
1444	6344
5748	6345
2662	6346
3293	6347
5316	6348
4848	6349
2415	6350
2789	6351
5377	6352
7551	6353
6037	6354
6924	6355
472	6356
2223	6357
5224	6358
2253	6359
3718	6360
4831	6361
98	6362
6955	6363
1446	6364
6265	6365
4809	6366
287	6367
6421	6368
1577	6369
1969	6370
7100	6371
2344	6372
999	6373
8972	6374
4325	6375
8583	6376
2503	6377
563	6378
802	6379
836	6380
838	6381
7062	6382
6574	6383
6173	6384
2672	6385
8370	6386
5906	6387
8584	6388
7976	6389
1887	6390
3174	6391
7923	6392
7781	6393
5053	6394
8117	6395
3846	6396
1277	6397
923	6398
26	6399
2212	6400
2201	6401
7669	6402
3665	6403
765	6404
1078	6405
7292	6406
688	6407
7319	6408
4108	6409
2202	6410
7355	6411
5347	6412
7753	6413
3510	6414
3306	6415
4676	6416
3741	6417
5034	6418
500	6419
7668	6420
29	6421
1962	6422
1823	6423
465	6424
5528	6425
1916	6426
6504	6427
2065	6428
2358	6429
6600	6430
1770	6431
1806	6432
333	6433
6803	6434
3224	6435
3341	6436
7798	6437
102	6438
7127	6439
6630	6440
3547	6441
6174	6442
7908	6443
7387	6444
7296	6445
5954	6446
7400	6447
534	6448
8979	6449
8485	6450
702	6451
4385	6452
1365	6453
8389	6454
3778	6455
1101	6456
7674	6457
4482	6458
7623	6459
7823	6460
4773	6461
5071	6462
8683	6463
6908	6464
7422	6465
3822	6466
829	6467
5945	6468
6322	6469
8898	6470
7573	6471
6170	6472
4306	6473
6356	6474
761	6475
430	6476
4341	6477
4118	6478
6579	6479
3388	6480
2562	6481
7406	6482
7334	6483
8636	6484
3958	6485
588	6486
7586	6487
2718	6488
3079	6489
8839	6490
6754	6491
2368	6492
5011	6493
7737	6494
4062	6495
2556	6496
1910	6497
4475	6498
4594	6499
513	6500
6034	6501
2320	6502
634	6503
8123	6504
6904	6505
807	6506
5346	6507
1919	6508
8355	6509
21	6510
8691	6511
6778	6512
6700	6513
2516	6514
1549	6515
1026	6516
2091	6517
1636	6518
579	6519
6631	6520
8820	6521
4575	6522
4184	6523
5282	6524
1311	6525
8519	6526
544	6527
5314	6528
7841	6529
2817	6530
4756	6531
6890	6532
3649	6533
2736	6534
3861	6535
8706	6536
6071	6537
6874	6538
2220	6539
282	6540
7597	6541
1207	6542
2004	6543
2973	6544
1816	6545
1706	6546
6607	6547
38	6548
5183	6549
1303	6550
2407	6551
8153	6552
2971	6553
8812	6554
6440	6555
1693	6556
3139	6557
8626	6558
1903	6559
6783	6560
4265	6561
180	6562
2	6563
4865	6564
349	6565
2565	6566
3294	6567
1146	6568
685	6569
7150	6570
5701	6571
4312	6572
316	6573
4564	6574
6053	6575
5249	6576
5271	6577
1939	6578
1153	6579
108	6580
6333	6581
1718	6582
1172	6583
11	6584
8718	6585
5116	6586
6296	6587
3437	6588
5330	6589
6382	6590
3872	6591
8720	6592
3177	6593
5635	6594
1515	6595
4811	6596
8088	6597
5335	6598
5939	6599
6605	6600
8364	6601
3271	6602
6901	6603
4402	6604
3926	6605
524	6606
8721	6607
5512	6608
1016	6609
6591	6610
8725	6611
8279	6612
6792	6613
1754	6614
5545	6615
1435	6616
6691	6617
3099	6618
7070	6619
615	6620
4642	6621
4364	6622
3782	6623
782	6624
8896	6625
3142	6626
3156	6627
8989	6628
8730	6629
5502	6630
1173	6631
1498	6632
6304	6633
748	6634
4048	6635
93	6636
770	6637
4179	6638
2623	6639
7987	6640
6962	6641
8787	6642
8738	6643
3760	6644
8395	6645
8214	6646
5855	6647
219	6648
5369	6649
1741	6650
2015	6651
3392	6652
1709	6653
4851	6654
7505	6655
7329	6656
749	6657
2097	6658
7208	6659
2475	6660
1337	6661
3550	6662
4106	6663
640	6664
5969	6665
6796	6666
186	6667
6852	6668
1619	6669
5504	6670
3285	6671
7241	6672
5241	6673
6090	6674
558	6675
4875	6676
6108	6677
622	6678
2574	6679
4278	6680
1705	6681
934	6682
3680	6683
8319	6684
1064	6685
8711	6686
3739	6687
3122	6688
4856	6689
2020	6690
3993	6691
5514	6692
3779	6693
5597	6694
486	6695
559	6696
6126	6697
3776	6698
7290	6699
8407	6700
1055	6701
2257	6702
8509	6703
7542	6704
6840	6705
1698	6706
1710	6707
9022	6708
3836	6709
1083	6710
2839	6711
412	6712
172	6713
256	6714
5399	6715
1984	6716
6379	6717
668	6718
6864	6719
259	6720
7541	6721
3986	6722
5974	6723
4175	6724
7064	6725
161	6726
8996	6727
7613	6728
4897	6729
3623	6730
763	6731
2651	6732
6321	6733
7633	6734
1086	6735
7359	6736
29	6737
1071	6738
1620	6739
2761	6740
8125	6741
5486	6742
1862	6743
33	6744
35	6745
6674	6746
9	6747
5593	6748
2527	6749
5522	6750
66	6751
8247	6752
4845	6753
76	6754
5784	6755
7274	6756
756	6757
4081	6758
3052	6759
5163	6760
7120	6761
2727	6762
361	6763
764	6764
1477	6765
2699	6766
8919	6767
5613	6768
1796	6769
548	6770
1269	6771
4819	6772
7401	6773
974	6774
7812	6775
6721	6776
8158	6777
4073	6778
6628	6779
7425	6780
6923	6781
5460	6782
6262	6783
2976	6784
8172	6785
6800	6786
3053	6787
822	6788
5838	6789
474	6790
4139	6791
2070	6792
3683	6793
3286	6794
89	6795
1126	6796
1076	6797
8326	6798
773	6799
5550	6800
11	6801
2511	6802
2809	6803
4977	6804
3554	6805
497	6806
685	6807
603	6808
376	6809
757	6810
1957	6811
8945	6812
1453	6813
6959	6814
6614	6815
223	6816
193	6817
6695	6818
7066	6819
2611	6820
4119	6821
1930	6822
6249	6823
7708	6824
2438	6825
214	6826
6293	6827
433	6828
8579	6829
1677	6830
9021	6831
2955	6832
8966	6833
8256	6834
8558	6835
8413	6836
7178	6837
5496	6838
7474	6839
8541	6840
610	6841
120	6842
6768	6843
3491	6844
1947	6845
131	6846
928	6847
4446	6848
8735	6849
2887	6850
7283	6851
79	6852
630	6853
5301	6854
1584	6855
4646	6856
6521	6857
7679	6858
4437	6859
2076	6860
3614	6861
1471	6862
4470	6863
2910	6864
3197	6865
5651	6866
4920	6867
8949	6868
6725	6869
206	6870
7930	6871
6305	6872
5530	6873
516	6874
6830	6875
8740	6876
6646	6877
3667	6878
664	6879
943	6880
2833	6881
6811	6882
7085	6883
8806	6884
3125	6885
1166	6886
2563	6887
5150	6888
54	6889
618	6890
811	6891
1189	6892
5956	6893
340	6894
6111	6895
1983	6896
7233	6897
1122	6898
7895	6899
6722	6900
1465	6901
764	6902
812	6903
6688	6904
3788	6905
2340	6906
8705	6907
5972	6908
4253	6909
5531	6910
6815	6911
657	6912
527	6913
281	6914
24	6915
5750	6916
403	6917
3901	6918
4121	6919
6632	6920
6523	6921
3744	6922
7247	6923
2445	6924
5167	6925
6919	6926
8258	6927
5158	6928
7440	6929
5001	6930
4018	6931
6359	6932
3080	6933
518	6934
4063	6935
3362	6936
1181	6937
8813	6938
4189	6939
5533	6940
3965	6941
7253	6942
2399	6943
7362	6944
3395	6945
3252	6946
8816	6947
485	6948
1512	6949
405	6950
3246	6951
651	6952
1343	6953
5501	6954
7902	6955
4028	6956
8822	6957
2664	6958
4974	6959
526	6960
2883	6961
49	6962
5540	6963
5627	6964
941	6965
1222	6966
311	6967
3729	6968
626	6969
208	6970
5883	6971
3441	6972
447	6973
58	6974
1744	6975
291	6976
1760	6977
7442	6978
7986	6979
7827	6980
3932	6981
2244	6982
7092	6983
451	6984
5924	6985
7645	6986
6225	6987
6221	6988
4400	6989
480	6990
4842	6991
7656	6992
1929	6993
9027	6994
699	6995
5567	6996
896	6997
2706	6998
4236	6999
3248	7000
5589	7001
679	7002
2658	7003
8365	7004
5140	7005
6849	7006
1926	7007
3118	7008
8862	7009
7264	7010
309	7011
5487	7012
4892	7013
5523	7014
2117	7015
1011	7016
1519	7017
8854	7018
35	7019
70	7020
5984	7021
1313	7022
4715	7023
436	7024
1051	7025
803	7026
8436	7027
2750	7028
65	7029
6302	7030
6910	7031
2012	7032
7493	7033
1373	7034
133	7035
5734	7036
1791	7037
16	7038
4923	7039
7726	7040
4926	7041
2768	7042
503	7043
8843	7044
6392	7045
425	7046
1	7047
6486	7048
2102	7049
8174	7050
8302	7051
4636	7052
2116	7053
7176	7054
4473	7055
5645	7056
4264	7057
3845	7058
673	7059
4329	7060
5337	7061
2073	7062
294	7063
8556	7064
4185	7065
2197	7066
244	7067
4219	7068
1170	7069
6879	7070
8106	7071
1077	7072
7061	7073
5561	7074
5041	7075
3658	7076
8097	7077
4731	7078
536	7079
356	7080
22	7081
4941	7082
1667	7083
1114	7084
7453	7085
5357	7086
7431	7087
2164	7088
3028	7089
7042	7090
506	7091
5758	7092
4833	7093
2978	7094
3105	7095
6897	7096
6468	7097
6443	7098
5647	7099
6851	7100
4088	7101
5491	7102
4227	7103
901	7104
8902	7105
8003	7106
5777	7107
1052	7108
2463	7109
8900	7110
4406	7111
374	7112
7826	7113
69	7114
5484	7115
8764	7116
7999	7117
3309	7118
1112	7119
27	7120
5617	7121
8104	7122
784	7123
650	7124
6376	7125
23	7126
1035	7127
1568	7128
2173	7129
1843	7130
855	7131
8889	7132
2448	7133
1308	7134
8568	7135
1353	7136
3073	7137
2866	7138
6801	7139
8466	7140
8022	7141
4604	7142
804	7143
8916	7144
3722	7145
743	7146
4237	7147
5406	7148
7185	7149
2522	7150
2872	7151
2724	7152
8921	7153
4039	7154
679	7155
6822	7156
6165	7157
6734	7158
787	7159
2947	7160
1387	7161
4659	7162
4523	7163
481	7164
7869	7165
8057	7166
7970	7167
2621	7168
6954	7169
519	7170
2578	7171
110	7172
8384	7173
8753	7174
3415	7175
6984	7176
8941	7177
1946	7178
3945	7179
1098	7180
77	7181
77	7182
8628	7183
8956	7184
5094	7185
2757	7186
1088	7187
971	7188
6564	7189
3852	7190
8808	7191
6464	7192
1108	7193
6511	7194
8754	7195
5291	7196
363	7197
1156	7198
571	7199
5621	7200
6813	7201
3379	7202
766	7203
4641	7204
578	7205
7961	7206
103	7207
5168	7208
5579	7209
6018	7210
8955	7211
189	7212
3960	7213
479	7214
7984	7215
7340	7216
741	7217
2539	7218
8114	7219
7663	7220
2155	7221
3304	7222
7585	7223
142	7224
8093	7225
1294	7226
5806	7227
281	7228
3988	7229
2347	7230
8050	7231
2048	7232
295	7233
377	7234
6054	7235
1631	7236
8142	7237
401	7238
7514	7239
6456	7240
7709	7241
3762	7242
2962	7243
3940	7244
3748	7245
6059	7246
224	7247
8831	7248
2488	7249
8986	7250
7040	7251
7915	7252
6866	7253
8975	7254
6789	7255
3973	7256
4682	7257
6911	7258
2125	7259
616	7260
4554	7261
3974	7262
4513	7263
711	7264
601	7265
4368	7266
3537	7267
7104	7268
7028	7269
8136	7270
9000	7271
6289	7272
792	7273
4741	7274
8732	7275
7901	7276
8454	7277
1758	7278
6816	7279
5356	7280
2920	7281
8936	7282
5997	7283
5908	7284
6064	7285
2137	7286
709	7287
8264	7288
9004	7289
1597	7290
2351	7291
1938	7292
915	7293
5187	7294
1407	7295
1765	7296
6538	7297
3292	7298
1746	7299
675	7300
5592	7301
7533	7302
4595	7303
3670	7304
5184	7305
3887	7306
4065	7307
560	7308
2115	7309
7142	7310
5724	7311
2232	7312
5309	7313
6554	7314
3375	7315
9019	7316
1129	7317
1458	7318
7218	7319
4177	7320
4056	7321
1764	7322
4178	7323
3104	7324
320	7325
4869	7326
84	7327
2707	7328
3583	7329
654	7330
7751	7331
3065	7332
6870	7333
2918	7334
8772	7335
1722	7336
5625	7337
4439	7338
6	7339
6647	7340
4316	7341
6428	7342
4435	7343
609	7344
4257	7345
7333	7346
5891	7347
7005	7348
7083	7349
604	7350
7912	7351
4176	7352
50	7353
606	7354
2926	7355
532	7356
575	7357
5059	7358
6971	7359
958	7360
6	7361
226	7362
7025	7363
577	7364
411	7365
5198	7366
1664	7367
1291	7368
3937	7369
358	7370
1127	7371
437	7372
2590	7373
3903	7374
7153	7375
3365	7376
3746	7377
2489	7378
669	7379
198	7380
5435	7381
4213	7382
2014	7383
2367	7384
63	7385
8860	7386
5847	7387
161	7388
1936	7389
7495	7390
8833	7391
7018	7392
7492	7393
2056	7394
56	7395
85	7396
521	7397
381	7398
6252	7399
57	7400
1528	7401
8059	7402
8958	7403
5103	7404
8971	7405
4783	7406
132	7407
5300	7408
1974	7409
4603	7410
1857	7411
6372	7412
8252	7413
7390	7414
4383	7415
7467	7416
15	7417
4964	7418
3055	7419
5420	7420
7768	7421
4125	7422
495	7423
1520	7424
4098	7425
4830	7426
467	7427
7114	7428
17	7429
6742	7430
3558	7431
3559	7432
3561	7433
3560	7434
1697	7435
3027	7436
6328	7437
5890	7438
2120	7439
3740	7440
283	7441
2071	7442
81	7443
2045	7444
6592	7445
1472	7446
5688	7447
5622	7448
2813	7449
3900	7450
456	7451
355	7452
460	7453
621	7454
2564	7455
6951	7456
39	7457
8076	7458
5391	7459
3738	7460
1654	7461
413	7462
7045	7463
7050	7464
8183	7465
7426	7466
8969	7467
7488	7468
6414	7469
86	7470
4076	7471
5827	7472
5043	7473
5640	7474
672	7475
7720	7476
7220	7477
3317	7478
7173	7479
7312	7480
3308	7481
6498	7482
5325	7483
7661	7484
8079	7485
6961	7486
5698	7487
3549	7488
7398	7489
3114	7490
4016	7491
2945	7492
8926	7493
5661	7494
976	7495
4250	7496
8277	7497
5650	7498
6993	7499
141	7500
854	7501
3692	7502
6194	7503
7552	7504
1838	7505
2864	7506
7063	7507
571	7508
315	7509
1448	7510
616	7511
3727	7512
1779	7513
3332	7514
7651	7515
5560	7516
4991	7517
1136	7518
7446	7519
686	7520
499	7521
5654	7522
5113	7523
3359	7524
4466	7525
4004	7526
3605	7527
4663	7528
4489	7529
574	7530
6345	7531
73	7532
3833	7533
6738	7534
3081	7535
3047	7536
8205	7537
2869	7538
2441	7539
8865	7540
8569	7541
5917	7542
2580	7543
6506	7544
913	7545
7619	7546
5563	7547
6257	7548
2148	7549
5045	7550
3226	7551
1201	7552
1366	7553
7526	7554
7846	7555
44	7556
3215	7557
4288	7558
1480	7559
6025	7560
6978	7561
2189	7562
8834	7563
2916	7564
5035	7565
3799	7566
2668	7567
6938	7568
715	7569
7160	7570
9006	7571
5633	7572
2461	7573
8761	7574
7704	7575
47	7576
545	7577
9	7578
13	7579
4022	7580
3467	7581
39	7582
4752	7583
4587	7584
505	7585
1937	7586
7779	7587
5814	7588
228	7589
109	7590
785	7591
2183	7592
8297	7593
3734	7594
6633	7595
5663	7596
3844	7597
4230	7598
8575	7599
6642	7600
2186	7601
6875	7602
1595	7603
675	7604
1211	7605
6036	7606
3290	7607
4565	7608
221	7609
8790	7610
1556	7611
6687	7612
8394	7613
5068	7614
7933	7615
5231	7616
3148	7617
175	7618
7764	7619
1413	7620
8444	7621
3990	7622
2008	7623
5155	7624
5952	7625
4726	7626
5500	7627
3346	7628
4135	7629
1885	7630
2107	7631
794	7632
4297	7633
5160	7634
2642	7635
62	7636
6589	7637
2277	7638
1665	7639
3793	7640
8864	7641
791	7642
4142	7643
4374	7644
5911	7645
8376	7646
6177	7647
2822	7648
1935	7649
3904	7650
3334	7651
6280	7652
1987	7653
2765	7654
369	7655
4500	7656
7106	7657
7182	7658
4501	7659
728	7660
576	7661
6210	7662
6948	7663
5494	7664
708	7665
3418	7666
7098	7667
6220	7668
8814	7669
4578	7670
1097	7671
8929	7672
826	7673
3444	7674
4057	7675
5664	7676
3515	7677
2790	7678
4324	7679
2389	7680
21	7681
7920	7682
4349	7683
7556	7684
533	7685
4120	7686
1128	7687
2457	7688
839	7689
4928	7690
1306	7691
7884	7692
5667	7693
852	7694
3594	7695
5884	7696
4601	7697
4711	7698
2620	7699
6391	7700
2490	7701
1961	7702
3930	7703
7873	7704
3269	7705
1383	7706
5396	7707
4707	7708
4751	7709
8849	7710
4733	7711
4416	7712
1218	7713
1015	7714
9028	7715
382	7716
2099	7717
5107	7718
4721	7719
6439	7720
258	7721
2675	7722
542	7723
352	7724
37	7725
4828	7726
3355	7727
783	7728
5266	7729
59	7730
466	7731
7579	7732
8069	7733
2424	7734
8222	7735
6494	7736
940	7737
1210	7738
7601	7739
4453	7740
736	7741
3004	7742
5089	7743
20	7744
6449	7745
7079	7746
1175	7747
1474	7748
4326	7749
3756	7750
1347	7751
2	7752
7128	7753
637	7754
63	7755
7375	7756
78	7757
4136	7758
8260	7759
8194	7760
119	7761
722	7762
6809	7763
4320	7764
1968	7765
2775	7766
8437	7767
8086	7768
6500	7769
2528	7770
488	7771
572	7772
8363	7773
8696	7774
3865	7775
3121	7776
1615	7777
8679	7778
5943	7779
274	7780
7151	7781
1880	7782
3129	7783
1396	7784
2805	7785
6103	7786
3893	7787
2850	7788
5230	7789
3577	7790
8904	7791
2067	7792
4252	7793
81	7794
4124	7795
1187	7796
7510	7797
2917	7798
6973	7799
489	7800
3824	7801
6939	7802
2282	7803
5643	7804
10	7805
2585	7806
1534	7807
2342	7808
7154	7809
6704	7810
6664	7811
3277	7812
7230	7813
738	7814
8997	7815
5274	7816
7416	7817
5962	7818
4191	7819
2626	7820
4975	7821
6956	7822
8533	7823
7950	7824
4675	7825
9014	7826
8892	7827
3616	7828
790	7829
8259	7830
5429	7831
3016	7832
6215	7833
5590	7834
6703	7835
5854	7836
123	7837
3774	7838
3971	7839
3245	7840
1846	7841
2829	7842
1913	7843
5178	7844
1310	7845
8800	7846
6692	7847
5759	7848
3557	7849
2018	7850
5466	7851
72	7852
7305	7853
793	7854
157	7855
1692	7856
1205	7857
195	7858
3743	7859
3002	7860
5083	7861
867	7862
2639	7863
209	7864
3091	7865
595	7866
4931	7867
4790	7868
4486	7869
6720	7870
4334	7871
4092	7872
7916	7873
2696	7874
2868	7875
1176	7876
3723	7877
8070	7878
9029	7879
4629	7880
3519	7881
1483	7882
8995	7883
2471	7884
3863	7885
8386	7886
319	7887
1571	7888
8211	7889
7420	7890
487	7891
1391	7892
7743	7893
6841	7894
1091	7895
926	7896
5277	7897
2505	7898
7138	7899
7203	7900
8747	7901
746	7902
3090	7903
4936	7904
8692	7905
7909	7906
6083	7907
7816	7908
5019	7909
8801	7910
353	7911
235	7912
6946	7913
4377	7914
3204	7915
986	7916
3870	7917
396	7918
1275	7919
688	7920
320	7921
67	7922
2709	7923
1610	7924
3814	7925
8477	7926
2519	7927
421	7928
2458	7929
6814	7930
1430	7931
3737	7932
6831	7933
7479	7934
3360	7935
6709	7936
4700	7937
5577	7938
4260	7939
1155	7940
1952	7941
4123	7942
8276	7943
5200	7944
4038	7945
3038	7946
7813	7947
8637	7948
2372	7949
584	7950
7848	7951
8877	7952
8663	7953
4863	7954
5802	7955
2459	7956
8736	7957
382	7958
5783	7959
646	7960
7021	7961
540	7962
1344	7963
242	7964
6590	7965
6217	7966
6865	7967
5747	7968
1168	7969
2944	7970
4418	7971
4335	7972
1419	7973
3518	7974
4094	7975
2229	7976
4822	7977
7352	7978
2908	7979
7721	7980
8203	7981
8359	7982
6499	7983
4873	7984
3761	7985
6502	7986
6202	7987
5278	7988
6651	7989
4310	7990
555	7991
182	7992
221	7993
257	7994
8240	7995
4477	7996
2695	7997
249	7998
103	7999
9030	8000
2038	8001
2949	8002
6478	8003
7177	8004
6152	8005
2624	8006
1237	8007
5209	8008
4680	8009
3755	8010
884	8011
8420	8012
6278	8013
8796	8014
334	8015
8985	8016
1813	8017
3617	8018
6912	8019
7036	8020
262	8021
1918	8022
7641	8023
6066	8024
8872	8025
7879	8026
135	8027
423	8028
7755	8029
1462	8030
7454	8031
3517	8032
2203	8033
191	8034
1830	8035
5015	8036
1403	8037
5542	8038
5065	8039
4140	8040
2752	8041
3157	8042
2325	8043
8520	8044
5978	8045
3513	8046
4985	8047
5375	8048
3622	8049
3405	8050
1748	8051
1624	8052
2355	8053
1580	8054
1990	8055
3627	8056
5292	8057
385	8058
649	8059
314	8060
57	8061
7338	8062
5040	8063
8906	8064
3410	8065
6306	8066
3098	8067
510	8068
6798	8069
7339	8070
7435	8071
7787	8072
1468	8073
539	8074
374	8075
3962	8076
8882	8077
5289	8078
7123	8079
100	8080
6505	8081
6199	8082
2524	8083
1229	8084
4195	8085
424	8086
3407	8087
681	8088
742	8089
7699	8090
733	8091
6518	8092
8807	8093
1034	8094
7973	8095
4378	8096
4836	8097
8056	8098
2935	8099
7395	8100
1663	8101
5796	8102
5418	8103
5207	8104
4261	8105
7994	8106
2468	8107
957	8108
4958	8109
3615	8110
491	8111
1740	8112
432	8113
5409	8114
95	8115
5868	8116
6667	8117
6668	8118
4784	8119
8756	8120
3045	8121
3688	8122
7605	8123
8886	8124
444	8125
3288	8126
652	8127
6346	8128
332	8129
6072	8130
5936	8131
4	8132
3735	8133
8412	8134
5012	8135
108	8136
6149	8137
582	8138
2	8139
5800	8140
2501	8141
5382	8142
8267	8143
1761	8144
5684	8145
6979	8146
1658	8147
462	8148
3146	8149
713	8150
3165	8151
6884	8152
2352	8153
6868	8154
6880	8155
5101	8156
4359	8157
2558	8158
7847	8159
7091	8160
4224	8161
521	8162
7631	8163
3768	8164
7694	8165
993	8166
586	8167
8818	8168
3609	8169
5547	8170
1219	8171
787	8172
5810	8173
4548	8174
2126	8175
7545	8176
7990	8177
8238	8178
528	8179
4588	8180
4590	8181
2801	8182
6548	8183
1824	8184
3527	8185
6184	8186
2640	8187
4387	8188
5959	8189
3585	8190
165	8191
7073	8192
68	8193
7548	8194
8239	8195
3455	8196
3597	8197
381	8198
5775	8199
6222	8200
7880	8201
11	8202
6357	8203
1790	8204
6458	8205
8593	8206
4585	8207
1559	8208
5384	8209
1752	8210
8167	8211
4007	8212
5653	8213
2300	8214
76	8215
8156	8216
2061	8217
4592	8218
8303	8219
306	8220
2552	8221
1327	8222
4891	8223
8752	8224
8903	8225
3626	8226
1188	8227
8244	8228
174	8229
307	8230
8512	8231
5681	8232
8791	8233
8337	8234
8223	8235
4589	8236
770	8237
3050	8238
6606	8239
199	8240
5008	8241
1945	8242
7346	8243
6859	8244
5546	8245
5244	8246
6407	8247
1400	8248
5866	8249
8613	8250
86	8251
7275	8252
763	8253
1807	8254
3474	8255
8433	8256
1225	8257
5836	8258
369	8259
3641	8260
2439	8261
1950	8262
4409	8263
7774	8264
4504	8265
7550	8266
1109	8267
3330	8268
1540	8269
684	8270
8023	8271
8422	8272
6834	8273
5712	8274
6526	8275
1479	8276
7295	8277
6237	8278
218	8279
3327	8280
4483	8281
3829	8282
7927	8283
4471	8284
6285	8285
3777	8286
7748	8287
2985	8288
1782	8289
1008	8290
8301	8291
3385	8292
2305	8293
5437	8294
6728	8295
8868	8296
1543	8297
7037	8298
7238	8299
1443	8300
3821	8301
7052	8302
1029	8303
7049	8304
217	8305
3672	8306
643	8307
347	8308
8546	8309
7687	8310
6510	8311
3135	8312
4254	8313
5185	8314
1236	8315
5909	8316
4747	8317
4286	8318
7611	8319
4591	8320
4913	8321
8225	8322
23	8323
5480	8324
5660	8325
28	8326
8429	8327
7252	8328
4273	8329
4031	8330
8162	8331
729	8332
3485	8333
4730	8334
557	8335
4451	8336
1999	8337
3413	8338
6679	8339
155	8340
4462	8341
4708	8342
7314	8343
425	8344
1912	8345
2622	8346
5744	8347
302	8348
6637	8349
6436	8350
143	8351
6681	8352
450	8353
605	8354
1150	8355
2865	8356
8161	8357
5042	8358
210	8359
671	8360
3794	8361
8340	8362
5024	8363
7222	8364
4096	8365
5889	8366
8299	8367
1089	8368
5960	8369
6266	8370
8269	8371
6007	8372
2423	8373
6314	8374
7801	8375
6381	8376
3835	8377
687	8378
5699	8379
4072	8380
1648	8381
6433	8382
4623	8383
5121	8384
6076	8385
8263	8386
32	8387
7262	8388
21	8389
1213	8390
3994	8391
3115	8392
1612	8393
8329	8394
1908	8395
7752	8396
2577	8397
5861	8398
496	8399
5859	8400
37	8401
2359	8402
6576	8403
1810	8404
7447	8405
3210	8406
6594	8407
8343	8408
734	8409
3997	8410
1866	8411
3635	8412
13	8413
5687	8414
5142	8415
6702	8416
5805	8417
4743	8418
2948	8419
441	8420
589	8421
6769	8422
4803	8423
72	8424
8887	8425
8708	8426
1993	8427
8954	8428
7046	8429
8927	8430
7995	8431
7368	8432
5632	8433
3237	8434
7905	8435
4208	8436
489	8437
443	8438
1640	8439
786	8440
207	8441
5918	8442
183	8443
4399	8444
6275	8445
3950	8446
1322	8447
264	8448
386	8449
386	8450
6290	8451
4846	8452
8328	8453
237	8454
1996	8455
178	8456
260	8457
6920	8458
8655	8459
5431	8460
698	8461
5797	8462
7835	8463
3051	8464
1284	8465
234	8466
2890	8467
6599	8468
3869	8469
8108	8470
8000	8471
6097	8472
8367	8473
3120	8474
611	8475
597	8476
1776	8477
6214	8478
2418	8479
5503	8480
10	8481
2958	8482
4745	8483
7587	8484
7765	8485
33	8486
8901	8487
1206	8488
7975	8489
8255	8490
8940	8491
712	8492
8271	8493
2738	8494
7361	8495
8829	8496
5473	8497
1299	8498
6000	8499
1753	8500
3949	8501
7041	8502
1195	8503
297	8504
288	8505
7169	8506
3189	8507
4126	8508
3507	8509
2548	8510
891	8511
7486	8512
1375	8513
720	8514
1898	8515
790	8516
528	8517
5360	8518
6999	8519
4246	8520
7087	8521
5559	8522
1022	8523
4302	8524
1716	8525
1728	8526
7828	8527
5709	8528
2482	8529
4658	8530
604	8531
6386	8532
3652	8533
4438	8534
8968	8535
1618	8536
4876	8537
5951	8538
743	8539
3367	8540
5105	8541
1386	8542
7924	8543
1841	8544
4657	8545
7731	8546
93	8547
1655	8548
4240	8549
617	8550
6012	8551
1933	8552
141	8553
3178	8554
5910	8555
1384	8556
3753	8557
2919	8558
6040	8559
296	8560
1385	8561
4196	8562
2485	8563
8659	8564
448	8565
7136	8566
4155	8567
508	8568
5451	8569
7786	8570
7612	8571
5611	8572
28	8573
8366	8574
5283	8575
137	8576
7703	8577
2208	8578
324	8579
7325	8580
8776	8581
7540	8582
6575	8583
172	8584
4844	8585
3905	8586
8516	8587
1644	8588
3538	8589
459	8590
321	8591
1346	8592
164	8593
283	8594
7183	8595
3036	8596
5132	8597
2437	8598
1959	8599
6335	8600
8529	8601
7357	8602
6195	8603
363	8604
937	8605
1563	8606
777	8607
5932	8608
3571	8609
525	8610
8053	8611
92	8612
65	8613
8314	8614
482	8615
1293	8616
2818	8617
7371	8618
6272	8619
4156	8620
6623	8621
5353	8622
1847	8623
1359	8624
4384	8625
3164	8626
278	8627
3273	8628
1530	8629
7280	8630
2386	8631
7450	8632
952	8633
6228	8634
1392	8635
6522	8636
2912	8637
2335	8638
7730	8639
6229	8640
429	8641
7102	8642
4509	8643
8369	8644
5264	8645
853	8646
608	8647
3995	8648
152	8649
7031	8650
122	8651
8925	8652
4497	8653
2266	8654
2470	8655
3948	8656
5334	8657
8187	8658
6570	8659
229	8660
2339	8661
2050	8662
4541	8663
599	8664
623	8665
146	8666
7565	8667
7432	8668
3825	8669
464	8670
2037	8671
4279	8672
1053	8673
6325	8674
7967	8675
208	8676
6256	8677
8175	8678
282	8679
5188	8680
6645	8681
8635	8682
8241	8683
3676	8684
5964	8685
1893	8686
745	8687
1570	8688
5191	8689
6585	8690
2828	8691
7303	8692
624	8693
8476	8694
7027	8695
365	8696
8272	8697
5287	8698
6685	8699
557	8700
6144	8701
4908	8702
3323	8703
7483	8704
5692	8705
4519	8706
4669	8707
5234	8708
7132	8709
4511	8710
2720	8711
5555	8712
7122	8713
1368	8714
7529	8715
7490	8716
4562	8717
3716	8718
623	8719
4330	8720
6387	8721
2331	8722
556	8723
65	8724
4428	8725
5791	8726
1982	8727
4898	8728
2666	8729
1254	8730
449	8731
5220	8732
6081	8733
1955	8734
6120	8735
6613	8736
3906	8737
7808	8738
5587	8739
4077	8740
473	8741
947	8742
9009	8743
3439	8744
4362	8745
3791	8746
1632	8747
5763	8748
2936	8749
2433	8750
2969	8751
642	8752
5166	8753
380	8754
3339	8755
7644	8756
6483	8757
17	8758
3428	8759
4332	8760
702	8761
8963	8762
3928	8763
5716	8764
1629	8765
949	8766
6621	8767
7946	8768
300	8769
5443	8770
373	8771
1417	8772
615	8773
196	8774
6316	8775
26	8776
963	8777
5389	8778
7941	8779
8100	8780
4625	8781
7561	8782
2787	8783
4732	8784
6640	8785
2098	8786
5725	8787
8848	8788
6566	8789
3126	8790
8745	8791
939	8792
407	8793
407	8794
745	8795
284	8796
6030	8797
4262	8798
1635	8799
483	8800
5729	8801
2221	8802
8147	8803
8544	8804
7156	8805
2396	8806
5179	8807
7832	8808
8545	8809
3883	8810
159	8811
3922	8812
114	8813
2965	8814
7228	8815
5093	8816
6317	8817
114	8818
2083	8819
7030	8820
475	8821
7157	8822
978	8823
633	8824
666	8825
8064	8826
2206	8827
6019	8828
2870	8829
4074	8830
6977	8831
5742	8832
2834	8833
6781	8834
1834	8835
8322	8836
2243	8837
5912	8838
54	8839
4971	8840
605	8841
813	8842
23	8843
4214	8844
7791	8845
5743	8846
1891	8847
206	8848
6745	8849
4298	8850
2430	8851
3584	8852
2923	8853
462	8854
8883	8855
4955	8856
2124	8857
8250	8858
2513	8859
1266	8860
8220	8861
247	8862
312	8863
3108	8864
2422	8865
357	8866
6572	8867
5749	8868
2428	8869
1904	8870
3483	8871
7121	8872
7069	8873
5658	8874
9024	8875
8055	8876
1989	8877
2980	8878
2112	8879
29	8880
4228	8881
160	8882
2079	8883
3763	8884
5892	8885
278	8886
8587	8887
5755	8888
1214	8889
367	8890
1927	8891
5753	8892
6298	8893
2095	8894
4571	8895
1646	8896
1074	8897
1260	8898
127	8899
463	8900
7913	8901
1452	8902
364	8903
7427	8904
91	8905
3406	8906
1481	8907
7433	8908
2998	8909
3453	8910
2531	8911
3376	8912
1482	8913
3967	8914
5706	8915
633	8916
5182	8917
3203	8918
5172	8919
3268	8920
4143	8921
8265	8922
3642	8923
2981	8924
2181	8925
3640	8926
8268	8927
3107	8928
968	8929
3784	8930
4158	8931
2714	8932
5120	8933
5767	8934
4739	8935
8819	8936
6001	8937
5208	8938
5295	8939
2486	8940
5385	8941
8656	8942
436	8943
5624	8944
6284	8945
3393	8946
710	8947
5929	8948
2798	8949
5131	8950
5672	8951
414	8952
1289	8953
7671	8954
360	8955
5773	8956
6462	8957
3035	8958
2167	8959
862	8960
66	8961
1152	8962
8356	8963
5774	8964
3199	8965
2719	8966
56	8967
3699	8968
5319	8969
3043	8970
3231	8971
112	8972
1973	8973
8010	8974
3138	8975
5490	8976
2541	8977
2383	8978
4015	8979
523	8980
1795	8981
921	8982
925	8983
8859	8984
5123	8985
3946	8986
1301	8987
230	8988
1532	8989
1273	8990
674	8991
1248	8992
4474	8993
6858	8994
5548	8995
3843	8996
2625	8997
6172	8998
587	8999
713	9000
8418	9001
2592	9002
5174	9003
6931	9004
8028	9005
2560	9006
3851	9007
520	9008
5958	9009
2957	9010
1489	9011
8562	9012
4521	9013
6507	9014
6968	9015
7616	9016
3442	9017
6484	9018
6533	9019
1242	9020
1484	9021
5798	9022
1518	9023
715	9024
1535	9025
1296	9026
2016	9027
2370	9028
6405	9029
4878	9030
4107	9031
3128	9032
2194	9033
1735	9034
6699	9035
5275	9036
8497	9037
6329	9038
3116	9039
2997	9040
4274	9041
3781	9042
6136	9043
6473	9044
3132	9045
3754	9046
4638	9047
1352	9048
3913	9049
569	9050
5697	9051
5026	9052
7428	9053
52	9054
52	9055
52	9056
2180	9057
8908	9058
3046	9059
7022	9060
7158	9061
8987	9062
2233	9063
2688	9064
6109	9065
6995	9066
2349	9067
2280	9068
6794	9069
8781	9070
3417	9071
419	9072
7186	9073
7953	9074
7539	9075
89	9076
8048	9077
8168	9078
7374	9079
8741	9080
4609	9081
8098	9082
1140	9083
4558	9084
1072	9085
8378	9086
6140	9087
778	9088
755	9089
592	9090
129	9091
296	9092
224	9093
2740	9094
7964	9095
7710	9096
6106	9097
5014	9098
8231	9099
1381	9100
8254	9101
8622	9102
541	9103
771	9104
3136	9105
6689	9106
91	9107
7830	9108
7421	9109
3494	9110
4291	9111
3348	9112
2660	9113
4361	9114
8746	9115
885	9116
2930	9117
2543	9118
2767	9119
2604	9120
7728	9121
2605	9122
4356	9123
539	9124
8007	9125
5171	9126
890	9127
274	9128
8504	9129
8653	9130
7733	9131
92	9132
1161	9133
250	9134
777	9135
2350	9136
882	9137
5808	9138
5809	9139
5173	9140
628	9141
5596	9142
5877	9143
7604	9144
4434	9145
4027	9146
7370	9147
4171	9148
639	9149
8134	9150
5329	9151
7857	9152
2610	9153
7683	9154
3689	9155
3209	9156
2379	9157
6219	9158
3321	9159
967	9160
4990	9161
6351	9162
5288	9163
5930	9164
3786	9165
9	9166
8391	9167
3228	9168
2410	9169
119	9170
4043	9171
2645	9172
3915	9173
5610	9174
4436	9175
2456	9176
4980	9177
602	9178
1762	9179
3985	9180
7010	9181
1059	9182
4761	9183
321	9184
4157	9185
5690	9186
8917	9187
1994	9188
48	9189
1723	9190
5879	9191
6286	9192
6559	9193
8290	9194
3941	9195
6201	9196
3920	9197
2034	9198
641	9199
288	9200
7637	9201
997	9202
3573	9203
7191	9204
2036	9205
2177	9206
6711	9207
4105	9208
9011	9209
1848	9210
3662	9211
5066	9212
7196	9213
7236	9214
3214	9215
6475	9216
2845	9217
8217	9218
1193	9219
7965	9220
2267	9221
4709	9222
805	9223
5268	9224
4879	9225
5495	9226
4837	9227
8799	9228
4337	9229
4933	9230
7910	9231
7610	9232
2846	9233
7109	9234
2337	9235
4365	9236
6534	9237
3933	9238
3963	9239
2381	9240
2800	9241
2160	9242
3062	9243
4870	9244
4925	9245
5147	9246
3838	9247
6348	9248
478	9249
8045	9250
565	9251
3041	9252
693	9253
3194	9254
480	9255
5020	9256
6957	9257
2628	9258
535	9259
535	9260
4333	9261
3620	9262
5942	9263
2317	9264
2732	9265
2154	9266
5010	9267
1879	9268
3356	9269
5381	9270
2141	9271
279	9272
2040	9273
3732	9274
6114	9275
6517	9276
4723	9277
4787	9278
4832	9279
3337	9280
701	9281
6848	9282
1042	9283
5373	9284
3810	9285
8840	9286
706	9287
6597	9288
1557	9289
875	9290
4750	9291
8257	9292
355	9293
1819	9294
3919	9295
909	9296
2225	9297
4648	9298
1079	9299
4021	9300
5025	9301
456	9302
416	9303
4164	9304
4605	9305
8243	9306
7389	9307
1486	9308
1312	9309
7822	9310
582	9311
7254	9312
6016	9313
2514	9314
276	9315
765	9316
8680	9317
8400	9318
5447	9319
4380	9320
2158	9321
3302	9322
7366	9323
4238	9324
2068	9325
3311	9326
8488	9327
337	9328
2897	9329
1992	9330
7445	9331
7381	9332
1265	9333
5141	9334
8060	9335
3840	9336
3460	9337
273	9338
3721	9339
477	9340
2042	9341
5882	9342
6807	9343
245	9344
5085	9345
4389	9346
8354	9347
2843	9348
2175	9349
4740	9350
494	9351
163	9352
990	9353
1272	9354
8618	9355
5007	9356
2776	9357
883	9358
351	9359
4867	9360
2617	9361
2239	9362
7498	9363
7281	9364
1048	9365
8634	9366
5321	9367
332	9368
1781	9369
2464	9370
8605	9371
4890	9372
927	9373
9001	9374
532	9375
7260	9376
2914	9377
3850	9378
7512	9379
603	9380
4009	9381
3590	9382
8881	9383
2648	9384
434	9385
1033	9386
7242	9387
1978	9388
6068	9389
2784	9390
1147	9391
2388	9392
3917	9393
7205	9394
1397	9395
286	9396
368	9397
5893	9398
8118	9399
2816	9400
7023	9401
5894	9402
326	9403
1307	9404
8193	9405
5031	9406
5054	9407
1545	9408
7159	9409
5803	9410
7609	9411
8179	9412
1751	9413
6139	9414
243	9415
658	9416
5388	9417
8448	9418
3970	9419
1902	9420
30	9421
8528	9422
4403	9423
3551	9424
6821	9425
8323	9426
5511	9427
154	9428
176	9429
4758	9430
4735	9431
4671	9432
533	9433
7582	9434
8970	9435
1811	9436
4722	9437
3033	9438
3225	9439
5594	9440
6238	9441
8253	9442
2982	9443
2060	9444
1326	9445
785	9446
3807	9447
115	9448
7805	9449
3859	9450
4180	9451
7931	9452
8292	9453
6826	9454
2557	9455
71	9456
5033	9457
4967	9458
396	9459
9005	9460
97	9461
414	9462
4608	9463
8120	9464
5098	9465
5575	9466
6069	9467
230	9468
337	9469
4010	9470
1	9471
5367	9472
4460	9473
4248	9474
5905	9475
714	9476
5469	9477
1046	9478
6264	9479
752	9480
483	9481
2264	9482
6196	9483
5477	9484
4024	9485
5446	9486
3890	9487
5907	9488
2132	9489
1045	9490
6424	9491
1538	9492
6661	9493
6926	9494
2938	9495
2703	9496
8965	9497
19	9498
8967	9499
5722	9500
4821	9501
4907	9502
3831	9503
6294	9504
3572	9505
2392	9506
3795	9507
7549	9508
600	9509
6705	9510
544	9511
3263	9512
4624	9513
234	9514
254	9515
1065	9516
3545	9517
6332	9518
16	9519
5965	9520
3678	9521
2393	9522
3261	9523
920	9524
7673	9525
2600	9526
985	9527
2961	9528
7571	9529
2394	9530
2395	9531
3361	9532
2745	9533
4883	9534
4220	9535
1688	9536
5899	9537
2398	9538
7392	9539
2906	9540
292	9541
2933	9542
7367	9543
7963	9544
3153	9545
1849	9546
819	9547
3449	9548
724	9549
1928	9550
5641	9551
5423	9552
3820	9553
4952	9554
4868	9555
667	9556
5979	9557
5434	9558
6457	9559
848	9560
2697	9561
3265	9562
1164	9563
4617	9564
5982	9565
4572	9566
4524	9567
8856	9568
4679	9569
4781	9570
1508	9571
479	9572
2145	9573
8190	9574
261	9575
3969	9576
7747	9577
3326	9578
3867	9579
78	9580
1500	9581
6713	9582
101	9583
7948	9584
119	9585
8615	9586
3796	9587
1362	9588
6415	9589
5233	9590
4233	9591
1415	9592
438	9593
4313	9594
6380	9595
3310	9596
7457	9597
5981	9598
7117	9599
335	9600
445	9601
1771	9602
3679	9603
8770	9604
5985	9605
614	9606
8403	9607
8232	9608
2517	9609
2748	9610
457	9611
5992	9612
4633	9613
2934	9614
1125	9615
4295	9616
7414	9617
3972	9618
1377	9619
2742	9620
7473	9621
3745	9622
4207	9623
170	9624
751	9625
5497	9626
3133	9627
4993	9628
2830	9629
3259	9630
3005	9631
8035	9632
5733	9633
7263	9634
8595	9635
7657	9636
8390	9637
69	9638
3123	9639
2	9640
12	9641
252	9642
7002	9643
5028	9644
1546	9645
2867	9646
5067	9647
7795	9648
1551	9649
7383	9650
4651	9651
1455	9652
87	9653
7277	9654
714	9655
670	9656
670	9657
7384	9658
5785	9659
981	9660
7646	9661
1831	9662
4889	9663
4203	9664
4937	9665
5719	9666
7568	9667
99	9668
6708	9669
512	9670
79	9671
8072	9672
8550	9673
2796	9674
4864	9675
5342	9676
3909	9677
5686	9678
6	9679
5270	9680
7934	9681
2737	9682
973	9683
8085	9684
2669	9685
2844	9686
8647	9687
3544	9688
7423	9689
4924	9690
257	9691
2725	9692
4969	9693
966	9694
760	9695
5626	9696
2	9697
4417	9698
244	9699
83	9700
2535	9701
7110	9702
3603	9703
1678	9704
251	9705
5700	9706
111	9707
1997	9708
7255	9709
3183	9710
299	9711
6051	9712
662	9713
2583	9714
6437	9715
759	9716
4987	9717
7008	9718
6239	9719
8844	9720
4917	9721
703	9722
3010	9723
8345	9724
2587	9725
7394	9726
4640	9727
1539	9728
833	9729
8421	9730
304	9731
7983	9732
8824	9733
3208	9734
8092	9735
6005	9736
6525	9737
7044	9738
35	9739
8467	9740
1180	9741
754	9742
6363	9743
139	9744
656	9745
3419	9746
4850	9747
2171	9748
1036	9749
2721	9750
1708	9751
2434	9752
4206	9753
4573	9754
1334	9755
3463	9756
556	9757
6370	9758
3878	9759
1138	9760
8360	9761
4635	9762
7243	9763
8130	9764
3625	9765
434	9766
5873	9767
2198	9768
6353	9769
3477	9770
2427	9771
8557	9772
1049	9773
4217	9774
1529	9775
7380	9776
335	9777
842	9778
2053	9779
4545	9780
5374	9781
6994	9782
2979	9783
7210	9784
758	9785
5874	9786
3907	9787
3914	9788
2404	9789
5242	9790
233	9791
6288	9792
6046	9793
7815	9794
1139	9795
6730	9796
3785	9797
3628	9798
184	9799
8018	9800
2409	9801
3431	9802
18	9803
157	9804
6279	9805
4487	9806
2739	9807
8350	9808
3333	9809
8727	9810
2270	9811
1808	9812
8184	9813
6804	9814
6856	9815
5676	9816
1133	9817
806	9818
4080	9819
4128	9820
8496	9821
4825	9822
737	9823
1788	9824
5267	9825
490	9826
7143	9827
3396	9828
1431	9829
954	9830
2465	9831
645	9832
2025	9833
1513	9834
8602	9835
4	9836
6472	9837
1576	9838
8726	9839
441	9840
294	9841
333	9842
6023	9843
5543	9844
8992	9845
421	9846
1852	9847
5869	9848
1412	9849
3414	9850
2310	9851
7080	9852
145	9853
1389	9854
899	9855
6049	9856
598	9857
1766	9858
149	9859
8068	9860
2545	9861
180	9862
5955	9863
8126	9864
1491	9865
1432	9866
1280	9867
2136	9868
6627	9869
5656	9870
8491	9871
5371	9872
3202	9873
4285	9874
3588	9875
5217	9876
3927	9877
3685	9878
7	9879
7	9880
3251	9881
2057	9882
4266	9883
3	9884
100	9885
5125	9886
505	9887
7328	9888
3095	9889
1318	9890
3279	9891
4308	9892
7981	9893
1120	9894
8876	9895
7572	9896
5359	9897
5695	9898
3664	9899
4344	9900
7408	9901
163	9902
7294	9903
935	9904
580	9905
8081	9906
1141	9907
6057	9908
3966	9909
6248	9910
5901	9911
2705	9912
8	9913
8281	9914
2063	9915
3092	9916
3673	9917
903	9918
832	9919
166	9920
83	9921
4705	9922
3068	9923
2017	9924
3897	9925
5284	9926
6531	9927
1348	9928
3717	9929
2064	9930
1587	9931
8198	9932
6921	9933
471	9934
297	9935
2931	9936
4582	9937
6539	9938
511	9939
8087	9940
4728	9941
7322	9942
469	9943
678	9944
1900	9945
8493	9946
4071	9947
1457	9948
910	9949
6893	9950
2877	9951
8915	9952
53	9953
6964	9954
8213	9955
45	9956
2576	9957
113	9958
2215	9959
6078	9960
7723	9961
147	9962
686	9963
7276	9964
5556	9965
7888	9966
370	9967
8309	9968
4049	9969
151	9970
7409	9971
559	9972
7784	9973
725	9974
1889	9975
3427	9976
8410	9977
6706	9978
2990	9979
7570	9980
6784	9981
7917	9982
5662	9983
1768	9984
663	9985
146	9986
3	9987
42	9988
42	9989
6469	9990
3637	9991
442	9992
7103	9993
384	9994
2413	9995
5506	9996
6644	9997
8783	9998
4583	9999
7248	10000
